80.0 7
80.1 3
80.3 3
80.4 95
80.5 519
80.6 361
80.8 438
80.9 228
81.0 117
81.1 60
81.3 31
81.4 14
81.5 7
81.6 5
81.8 293
81.9 155
82.0 79
82.1 40
82.3 21
82.4 11
82.5 32
82.6 70
82.8 36
82.9 18
83.0 9
83.1 5
83.3 1
83.4 1
83.5 0
83.6 0
83.8 0
83.9 0
84.0 0
84.1 0
84.3 0
84.4 0
84.5 46
84.6 216
84.8 360
84.9 375
85.0 196
85.1 101
85.3 51
85.4 27
85.5 102
85.6 256
85.8 159
85.9 85
86.0 43
86.1 22
86.3 11
86.4 5
86.5 3
86.6 3
86.8 1
86.9 1
87.0 0
87.1 0
87.3 0
87.4 0
87.5 4
87.6 13
87.8 162
87.9 257
88.0 135
88.1 69
88.3 35
88.4 19
88.5 107
88.6 58
88.8 31
88.9 18
89.0 126
89.1 67
89.3 34
89.4 17
89.5 8
89.6 7
89.8 34
89.9 337
90.0 178
90.1 91
90.3 46
90.4 24
90.5 12
90.6 11
90.8 395
90.9 371
91.0 193
91.1 98
91.3 49
91.4 25
91.5 12
91.6 9
91.8 57
91.9 30
92.0 15
92.1 8
92.3 4
92.4 2
92.5 1
92.6 1
92.8 38
92.9 147
93.0 82
93.1 42
93.3 21
93.4 11
93.5 5
93.6 2
93.8 1
93.9 0
94.0 0
94.1 0
94.3 0
94.4 0
94.5 2
94.6 184
94.8 1543
94.9 1140
95.0 592
95.1 304
95.3 155
95.4 80
95.5 41
95.6 19
95.8 8
95.9 0
96.0 0
96.1 0
96.3 0
96.4 0
96.5 0
96.6 3
96.8 249
96.9 541
97.0 577
97.1 367
97.3 189
97.4 97
97.5 50
97.6 27
97.8 16
97.9 6
98.0 2
98.1 0
98.3 0
98.4 0
98.5 54
98.6 100
98.8 239
98.9 470
99.0 305
99.1 157
99.3 81
99.4 42
99.5 20
99.6 9
99.8 3
99.9 1
100.0 0
100.1 0
100.3 0
100.4 0
100.5 0
100.6 0
100.8 49
100.9 87
101.0 45
101.1 23
101.3 12
101.4 7
101.5 70
101.6 38
101.8 23
101.9 56
102.0 58
102.1 30
102.3 15
102.4 7
102.5 4
102.6 42
102.8 192
102.9 155
103.0 108
103.1 56
103.3 29
103.4 15
103.5 7
103.6 3
103.8 0
103.9 11
104.0 22
104.1 13
104.3 9
104.4 174
104.5 136
104.6 2922
104.8 14047
104.9 17275
105.0 11710
105.1 6601
105.3 3660
105.4 1885
105.5 1286
105.6 942
105.8 798
105.9 2215
106.0 1487
106.1 923
106.3 472
106.4 240
106.5 122
106.6 63
106.8 151
106.9 685
107.0 424
107.1 228
107.3 116
107.4 59
107.5 30
107.6 21
107.8 11
107.9 4
108.0 2
108.1 0
108.3 0
108.4 0
108.5 0
108.6 45
108.8 162
108.9 378
109.0 388
109.1 250
109.3 130
109.4 67
109.5 34
109.6 17
109.8 9
109.9 18
110.0 82
110.1 43
110.3 22
110.4 11
110.5 6
110.6 79
110.8 171
110.9 409
111.0 214
111.1 109
111.3 56
111.4 28
111.5 13
111.6 8
111.8 102
111.9 149
112.0 78
112.1 40
112.3 20
112.4 10
112.5 5
112.6 17
112.8 135
112.9 444
113.0 570
113.1 337
113.3 566
113.4 296
113.5 151
113.6 77
113.8 77
113.9 38
114.0 21
114.1 12
114.3 4
114.4 2
114.5 1
114.6 8
114.8 582
114.9 318
115.0 163
115.1 84
115.3 42
115.4 22
115.5 11
115.6 6
115.8 1
115.9 0
116.0 18
116.1 9
116.3 4
116.4 2
116.5 1
116.6 19
116.8 137
116.9 73
117.0 39
117.1 22
117.3 11
117.4 6
117.5 2
117.6 0
117.8 4
117.9 33
118.0 17
118.1 8
118.3 4
118.4 2
118.5 1
118.6 102
118.8 293
118.9 270
119.0 175
119.1 90
119.3 45
119.4 23
119.5 11
119.6 14
119.8 691
119.9 424
120.0 218
120.1 112
120.3 72
120.4 38
120.5 33
120.6 276
120.8 1082
120.9 1282
121.0 1090
121.1 566
121.3 290
121.4 148
121.5 74
121.6 40
121.8 232
121.9 150
122.0 152
122.1 78
122.3 39
122.4 21
122.5 12
122.6 178
122.8 1035
122.9 600
123.0 790
123.1 422
123.3 215
123.4 109
123.5 53
123.6 24
123.8 11
123.9 4
124.0 2
124.1 0
124.3 0
124.4 15
124.5 15
124.6 38
124.8 200
124.9 269
125.0 142
125.1 72
125.3 37
125.4 19
125.5 11
125.6 80
125.8 42
125.9 23
126.0 19
126.1 73
126.3 60
126.4 33
126.5 18
126.6 55
126.8 105
126.9 792
127.0 463
127.1 239
127.3 123
127.4 63
127.5 38
127.6 122
127.8 123
127.9 64
128.0 31
128.1 16
128.3 8
128.4 4
128.5 2
128.6 8
128.8 337
128.9 236
129.0 122
129.1 62
129.3 31
129.4 16
129.5 8
129.6 4
129.8 3
129.9 17
130.0 46
130.1 24
130.3 12
130.4 6
130.5 7
130.6 122
130.8 277
130.9 172
131.0 181
131.1 95
131.3 48
131.4 24
131.5 12
131.6 5
131.8 5
131.9 1
132.0 0
132.1 0
132.3 0
132.4 0
132.5 9
132.6 79
132.8 269
132.9 155
133.0 96
133.1 49
133.3 25
133.4 12
133.5 9
133.6 281
133.8 152
133.9 403
134.0 212
134.1 108
134.3 56
134.4 28
134.5 14
134.6 12
134.8 60
134.9 117
135.0 160
135.1 242
135.3 127
135.4 65
135.5 36
135.6 105
135.8 327
135.9 176
136.0 394
136.1 206
136.3 109
136.4 350
136.5 191
136.6 150
136.8 236
136.9 126
137.0 66
137.1 33
137.3 16
137.4 7
137.5 3
137.6 3
137.8 170
137.9 92
138.0 47
138.1 24
138.3 12
138.4 6
138.5 9
138.6 62
138.8 99
138.9 131
139.0 68
139.1 34
139.3 17
139.4 8
139.5 4
139.6 2
139.8 11
139.9 6
140.0 2
140.1 12
140.3 8
140.4 4
140.5 6
140.6 345
140.8 197
140.9 166
141.0 86
141.1 44
141.3 22
141.4 23
141.5 885
141.6 483
141.8 416
141.9 225
142.0 115
142.1 59
142.3 33
142.4 236
142.5 203
142.6 698
142.8 368
142.9 189
143.0 96
143.1 49
143.3 26
143.4 144
143.5 77
143.6 68
143.8 34
143.9 17
144.0 9
144.1 4
144.3 2
144.4 4
144.5 299
144.6 172
144.8 93
144.9 134
145.0 70
145.1 36
145.3 18
145.4 8
145.5 4
145.6 20
145.8 11
145.9 5
146.0 2
146.1 1
146.3 0
146.4 1
146.5 75
146.6 373
146.8 449
146.9 266
147.0 137
147.1 71
147.3 46
147.4 64
147.5 211
147.6 181
147.8 126
147.9 67
148.0 102
148.1 57
148.3 111
148.4 2318
148.5 152
148.6 467
148.8 143
148.9 654
149.0 307
149.1 53
149.3 187
149.4 36
149.5 597
149.6 137
149.8 290
149.9 431
150.0 374
150.1 234
150.3 137
150.4 583
150.5 352
150.6 129
150.8 148
150.9 1083
151.0 555
151.1 287
151.3 156
151.4 77
151.5 37
151.6 14
151.8 70
151.9 384
152.0 201
152.1 103
152.3 53
152.4 88
152.5 143
152.6 680
152.8 673
152.9 348
153.0 179
153.1 91
153.3 46
153.4 23
153.5 12
153.6 10
153.8 292
153.9 154
154.0 79
154.1 40
154.3 20
154.4 10
154.5 13
154.6 609
154.8 403
154.9 208
155.0 106
155.1 54
155.3 28
155.4 46
155.5 27
155.6 93
155.8 434
155.9 876
156.0 460
156.1 236
156.3 120
156.4 60
156.5 32
156.6 149
156.8 79
156.9 39
157.0 18
157.1 9
157.3 4
157.4 4
157.5 2
157.6 1
157.8 0
157.9 0
158.0 0
158.1 0
158.3 0
158.4 2
158.5 177
158.6 378
158.8 275
158.9 144
159.0 74
159.1 38
159.3 18
159.4 7
159.5 1
159.6 29
159.8 91
159.9 48
160.0 24
160.1 12
160.3 6
160.4 3
160.5 3
160.6 73
160.8 135
160.9 225
161.0 118
161.1 60
161.3 30
161.4 15
161.5 10
161.6 188
161.8 99
161.9 50
162.0 79
162.1 150
162.3 370
162.4 324
162.5 171
162.6 125
162.8 378
162.9 209
163.0 106
163.1 58
163.3 28
163.4 13
163.5 7
163.6 91
163.8 54
163.9 28
164.0 14
164.1 8
164.3 4
164.4 7
164.5 404
164.6 904
164.8 485
164.9 250
165.0 129
165.1 65
165.3 33
165.4 17
165.5 138
165.6 422
165.8 252
165.9 130
166.0 67
166.1 34
166.3 22
166.4 156
166.5 646
166.6 1535
166.8 927
166.9 478
167.0 246
167.1 126
167.3 63
167.4 32
167.5 217
167.6 150
167.8 209
167.9 110
168.0 56
168.1 29
168.3 17
168.4 225
168.5 183
168.6 138
168.8 579
168.9 306
169.0 157
169.1 80
169.3 40
169.4 19
169.5 10
169.6 70
169.8 37
169.9 65
170.0 34
170.1 17
170.3 22
170.4 13
170.5 44
170.6 252
170.8 252
170.9 148
171.0 78
171.1 43
171.3 22
171.4 10
171.5 10
171.6 232
171.8 121
171.9 62
172.0 31
172.1 16
172.3 8
172.4 3
172.5 12
172.6 778
172.8 594
172.9 309
173.0 159
173.1 82
173.3 115
173.4 71
173.5 90
173.6 51
173.8 62
173.9 32
174.0 16
174.1 8
174.3 4
174.4 2
174.5 20
174.6 936
174.8 527
174.9 331
175.0 170
175.1 87
175.3 44
175.4 23
175.5 10
175.6 5
175.8 0
175.9 0
176.0 0
176.1 0
176.3 3
176.4 2
176.5 8
176.6 460
176.8 483
176.9 269
177.0 138
177.1 70
177.3 35
177.4 18
177.5 8
177.6 10
177.8 572
177.9 361
178.0 186
178.1 95
178.3 49
178.4 31
178.5 386
178.6 670
178.8 962
178.9 950
179.0 497
179.1 255
179.3 131
179.4 68
179.5 101
179.6 87
179.8 78
179.9 41
180.0 21
180.1 10
180.3 8
180.4 3
180.5 29
180.6 217
180.8 127
180.9 181
181.0 95
181.1 49
181.3 26
181.4 13
181.5 31
181.6 188
181.8 377
181.9 197
182.0 101
182.1 51
182.3 28
182.4 19
182.5 164
182.6 358
182.8 210
182.9 108
183.0 55
183.1 28
183.3 14
183.4 6
183.5 2
183.6 40
183.8 23
183.9 13
184.0 128
184.1 91
184.3 47
184.4 24
184.5 32
184.6 118
184.8 249
184.9 135
185.0 68
185.1 35
185.3 17
185.4 8
185.5 6
185.6 210
185.8 380
185.9 281
186.0 150
186.1 76
186.3 39
186.4 20
186.5 30
186.6 37
186.8 138
186.9 341
187.0 179
187.1 92
187.3 47
187.4 24
187.5 13
187.6 7
187.8 3
187.9 1
188.0 0
188.1 0
188.3 0
188.4 0
188.5 7
188.6 119
188.8 75
188.9 38
189.0 20
189.1 10
189.3 46
189.4 65
189.5 38
189.6 20
189.8 10
189.9 11
190.0 5
190.1 2
190.3 1
190.4 3
190.5 204
190.6 1128
190.8 688
190.9 489
191.0 252
191.1 129
191.3 66
191.4 37
191.5 282
191.6 177
191.8 120
191.9 62
192.0 179
192.1 127
192.3 65
192.4 33
192.5 23
192.6 442
192.8 643
192.9 341
193.0 173
193.1 88
193.3 45
193.4 22
193.5 15
193.6 123
193.8 64
193.9 32
194.0 16
194.1 9
194.3 5
194.4 29
194.5 15
194.6 37
194.8 177
194.9 107
195.0 55
195.1 27
195.3 13
195.4 6
195.5 5
195.6 122
195.8 65
195.9 33
196.0 17
196.1 8
196.3 7
196.4 261
196.5 383
196.6 884
196.8 687
196.9 358
197.0 183
197.1 93
197.3 47
197.4 22
197.5 12
197.6 47
197.8 23
197.9 11
198.0 6
198.1 3
198.3 1
198.4 5
198.5 13
198.6 568
198.8 878
198.9 464
199.0 238
199.1 121
199.3 61
199.4 32
199.5 17
199.6 40
199.8 21
199.9 12
200.0 6
200.1 3
200.3 1
200.4 13
200.5 27
200.6 82
200.8 160
200.9 83
201.0 42
201.1 21
201.3 11
201.4 9
201.5 301
201.6 348
201.8 183
201.9 209
202.0 108
202.1 55
202.3 28
202.4 16
202.5 189
202.6 476
202.8 250
202.9 128
203.0 66
203.1 34
203.3 17
203.4 10
203.5 114
203.6 1010
203.8 566
203.9 377
204.0 197
204.1 290
204.3 173
204.4 90
204.5 69
204.6 110
204.8 88
204.9 48
205.0 27
205.1 14
205.3 7
205.4 3
205.5 4
205.6 173
205.8 92
205.9 47
206.0 23
206.1 12
206.3 7
206.4 60
206.5 64
206.6 194
206.8 634
206.9 419
207.0 277
207.1 143
207.3 72
207.4 37
207.5 19
207.6 8
207.8 13
207.9 695
208.0 413
208.1 212
208.3 145
208.4 89
208.5 55
208.6 192
208.8 418
208.9 219
209.0 113
209.1 65
209.3 33
209.4 18
209.5 173
209.6 170
209.8 452
209.9 238
210.0 122
210.1 62
210.3 31
210.4 17
210.5 59
210.6 123
210.8 270
210.9 142
211.0 72
211.1 37
211.3 18
211.4 9
211.5 5
211.6 34
211.8 135
211.9 145
212.0 75
212.1 38
212.3 19
212.4 12
212.5 252
212.6 689
212.8 474
212.9 254
213.0 161
213.1 82
213.3 43
213.4 22
213.5 98
213.6 51
213.8 70
213.9 213
214.0 111
214.1 57
214.3 29
214.4 15
214.5 113
214.6 621
214.8 940
214.9 562
215.0 289
215.1 148
215.3 76
215.4 41
215.5 205
215.6 107
215.8 76
215.9 37
216.0 19
216.1 9
216.3 5
216.4 4
216.5 8
216.6 219
216.8 1466
216.9 1010
217.0 526
217.1 270
217.3 137
217.4 72
217.5 125
217.6 67
217.8 35
217.9 15
218.0 7
218.1 3
218.3 1
218.4 4
218.5 234
218.6 666
218.8 440
218.9 657
219.0 344
219.1 176
219.3 90
219.4 44
219.5 23
219.6 83
219.8 43
219.9 37
220.0 19
220.1 13
220.3 5
220.4 3
220.5 56
220.6 698
220.8 952
220.9 1163
221.0 645
221.1 331
221.3 169
221.4 88
221.5 269
221.6 323
221.8 177
221.9 90
222.0 45
222.1 23
222.3 14
222.4 58
222.5 278
222.6 250
222.8 783
222.9 532
223.0 274
223.1 140
223.3 71
223.4 38
223.5 92
223.6 134
223.8 218
223.9 255
224.0 133
224.1 68
224.3 34
224.4 18
224.5 221
224.6 133
224.8 814
224.9 884
225.0 464
225.1 410
225.3 254
225.4 152
225.5 86
225.6 587
225.8 362
225.9 191
226.0 195
226.1 114
226.3 62
226.4 34
226.5 211
226.6 565
226.8 797
226.9 424
227.0 217
227.1 111
227.3 57
227.4 27
227.5 18
227.6 384
227.8 487
227.9 255
228.0 131
228.1 147
228.3 79
228.4 40
228.5 30
228.6 356
228.8 493
228.9 721
229.0 377
229.1 193
229.3 98
229.4 50
229.5 25
229.6 11
229.8 16
229.9 110
230.0 330
230.1 174
230.3 119
230.4 72
230.5 49
230.6 80
230.8 75
230.9 871
231.0 560
231.1 288
231.3 147
231.4 76
231.5 41
231.6 299
231.8 174
231.9 88
232.0 45
232.1 22
232.3 11
232.4 5
232.5 6
232.6 271
232.8 216
232.9 158
233.0 82
233.1 41
233.3 21
233.4 10
233.5 5
233.6 13
233.8 15
233.9 147
234.0 78
234.1 40
234.3 20
234.4 10
234.5 9
234.6 21
234.8 270
234.9 569
235.0 299
235.1 154
235.3 79
235.4 40
235.5 20
235.6 14
235.8 342
235.9 180
236.0 196
236.1 103
236.3 72
236.4 37
236.5 36
236.6 22
236.8 84
236.9 44
237.0 22
237.1 11
237.3 6
237.4 33
237.5 47
237.6 78
237.8 430
237.9 799
238.0 429
238.1 220
238.3 113
238.4 58
238.5 31
238.6 177
238.8 225
238.9 608
239.0 318
239.1 163
239.3 85
239.4 44
239.5 31
239.6 675
239.8 494
239.9 270
240.0 138
240.1 71
240.3 36
240.4 19
240.5 40
240.6 157
240.8 598
240.9 387
241.0 208
241.1 106
241.3 57
241.4 201
241.5 335
241.6 194
241.8 439
241.9 304
242.0 395
242.1 286
242.3 155
242.4 82
242.5 42
242.6 26
242.8 228
242.9 266
243.0 137
243.1 70
243.3 35
243.4 18
243.5 9
243.6 36
243.8 219
243.9 210
244.0 110
244.1 131
244.3 367
244.4 196
244.5 201
244.6 107
244.8 160
244.9 102
245.0 94
245.1 70
245.3 78
245.4 40
245.5 20
245.6 11
245.8 5
245.9 2
246.0 1
246.1 0
246.3 0
246.4 0
246.5 0
246.6 21
246.8 269
246.9 473
247.0 448
247.1 235
247.3 133
247.4 74
247.5 105
247.6 61
247.8 499
247.9 350
248.0 181
248.1 93
248.3 47
248.4 31
248.5 571
248.6 418
248.8 382
248.9 240
249.0 126
249.1 64
249.3 30
249.4 14
249.5 25
249.6 539
249.8 316
249.9 1089
250.0 575
250.1 302
250.3 155
250.4 81
250.5 154
250.6 655
250.8 484
250.9 329
251.0 657
251.1 813
251.3 434
251.4 219
251.5 136
251.6 73
251.8 220
251.9 531
252.0 278
252.1 143
252.3 72
252.4 37
252.5 40
252.6 735
252.8 960
252.9 983
253.0 561
253.1 291
253.3 147
253.4 75
253.5 38
253.6 17
253.8 49
253.9 29
254.0 33
254.1 189
254.3 117
254.4 66
254.5 560
254.6 381
254.8 1325
254.9 855
255.0 442
255.1 225
255.3 116
255.4 57
255.5 30
255.6 87
255.8 124
255.9 273
256.0 285
256.1 610
256.3 321
256.4 168
256.5 99
256.6 495
256.8 280
256.9 677
257.0 356
257.1 183
257.3 192
257.4 118
257.5 111
257.6 90
257.8 60
257.9 293
258.0 182
258.1 372
258.3 195
258.4 100
258.5 56
258.6 99
258.8 62
258.9 310
259.0 409
259.1 213
259.3 110
259.4 56
259.5 29
259.6 126
259.8 66
259.9 143
260.0 90
260.1 45
260.3 25
260.4 19
260.5 537
260.6 361
260.8 511
260.9 1150
261.0 707
261.1 365
261.3 190
261.4 188
261.5 622
261.6 333
261.8 341
261.9 374
262.0 220
262.1 112
262.3 57
262.4 29
262.5 36
262.6 54
262.8 272
262.9 526
263.0 367
263.1 384
263.3 200
263.4 102
263.5 115
263.6 60
263.8 32
263.9 16
264.0 24
264.1 10
264.3 5
264.4 4
264.5 113
264.6 268
264.8 175
264.9 229
265.0 486
265.1 255
265.3 131
265.4 67
265.5 32
265.6 22
265.8 436
265.9 905
266.0 600
266.1 311
266.3 159
266.4 82
266.5 42
266.6 109
266.8 615
266.9 1035
267.0 1076
267.1 564
267.3 289
267.4 149
267.5 77
267.6 35
267.8 103
267.9 157
268.0 98
268.1 50
268.3 25
268.4 13
268.5 7
268.6 31
268.8 432
268.9 339
269.0 426
269.1 222
269.3 122
269.4 583
269.5 309
269.6 227
269.8 261
269.9 472
270.0 253
270.1 145
270.3 74
270.4 38
270.5 21
270.6 233
270.8 332
270.9 357
271.0 600
271.1 431
271.3 223
271.4 114
271.5 61
271.6 249
271.8 134
271.9 307
272.0 171
272.1 87
272.3 44
272.4 23
272.5 57
272.6 430
272.8 604
272.9 1273
273.0 1080
273.1 561
273.3 289
273.4 148
273.5 76
273.6 43
273.8 509
273.9 438
274.0 255
274.1 231
274.3 881
274.4 491
274.5 317
274.6 491
274.8 1107
274.9 1275
275.0 888
275.1 583
275.3 335
275.4 548
275.5 2354
275.6 11967
275.8 36319
275.9 38804
276.0 24969
276.1 14051
276.3 7357
276.4 3785
276.5 2297
276.6 2856
276.8 5319
276.9 4788
277.0 3790
277.1 1968
277.3 1007
277.4 515
277.5 287
277.6 1207
277.8 1184
277.9 1037
278.0 615
278.1 562
278.3 370
278.4 341
278.5 202
278.6 328
278.8 1446
278.9 1018
279.0 1121
279.1 601
279.3 307
279.4 157
279.5 80
279.6 37
279.8 25
279.9 171
280.0 264
280.1 138
280.3 72
280.4 36
280.5 45
280.6 1636
280.8 1165
280.9 608
281.0 318
281.1 163
281.3 82
281.4 42
281.5 19
281.6 9
281.8 25
281.9 341
282.0 893
282.1 609
282.3 587
282.4 307
282.5 247
282.6 174
282.8 297
282.9 520
283.0 623
283.1 365
283.3 188
283.4 103
283.5 651
283.6 408
283.8 236
283.9 187
284.0 293
284.1 157
284.3 82
284.4 41
284.5 21
284.6 59
284.8 202
284.9 226
285.0 950
285.1 508
285.3 262
285.4 135
285.5 68
285.6 89
285.8 168
285.9 143
286.0 819
286.1 487
286.3 250
286.4 128
286.5 69
286.6 95
286.8 62
286.9 572
287.0 1008
287.1 705
287.3 365
287.4 187
287.5 95
287.6 49
287.8 38
287.9 390
288.0 290
288.1 149
288.3 82
288.4 42
288.5 25
288.6 261
288.8 222
288.9 317
289.0 301
289.1 287
289.3 149
289.4 77
289.5 39
289.6 20
289.8 28
289.9 14
290.0 21
290.1 12
290.3 103
290.4 57
290.5 29
290.6 21
290.8 491
290.9 277
291.0 149
291.1 437
291.3 234
291.4 118
291.5 63
291.6 103
291.8 54
291.9 36
292.0 254
292.1 144
292.3 80
292.4 51
292.5 25
292.6 16
292.8 279
292.9 485
293.0 1710
293.1 1476
293.3 769
293.4 395
293.5 203
293.6 122
293.8 137
293.9 525
294.0 392
294.1 204
294.3 103
294.4 53
294.5 97
294.6 347
294.8 1026
294.9 1095
295.0 769
295.1 465
295.3 270
295.4 138
295.5 69
295.6 32
295.8 14
295.9 4
296.0 35
296.1 20
296.3 18
296.4 9
296.5 7
296.6 131
296.8 500
296.9 1731
297.0 1351
297.1 1067
297.3 1244
297.4 673
297.5 1039
297.6 1809
297.8 9115
297.9 13264
298.0 8158
298.1 4466
298.3 2769
298.4 1446
298.5 779
298.6 822
298.8 1669
298.9 2487
299.0 1691
299.1 1221
299.3 632
299.4 323
299.5 163
299.6 87
299.8 796
299.9 473
300.0 482
300.1 266
300.3 137
300.4 70
300.5 37
300.6 93
300.8 336
300.9 889
301.0 493
301.1 624
301.3 408
301.4 211
301.5 108
301.6 83
301.8 256
301.9 294
302.0 2553
302.1 1368
302.3 702
302.4 359
302.5 183
302.6 117
302.8 476
302.9 286
303.0 606
303.1 402
303.3 208
303.4 110
303.5 54
303.6 27
303.8 34
303.9 53
304.0 418
304.1 260
304.3 226
304.4 147
304.5 75
304.6 78
304.8 48
304.9 573
305.0 546
305.1 685
305.3 360
305.4 195
305.5 101
305.6 51
305.8 25
305.9 79
306.0 45
306.1 231
306.3 121
306.4 62
306.5 32
306.6 17
306.8 174
306.9 577
307.0 1578
307.1 1606
307.3 844
307.4 434
307.5 222
307.6 112
307.8 59
307.9 131
308.0 729
308.1 391
308.3 198
308.4 101
308.5 59
308.6 584
308.8 807
308.9 737
309.0 674
309.1 372
309.3 192
309.4 98
309.5 49
309.6 38
309.8 17
309.9 39
310.0 53
310.1 37
310.3 19
310.4 10
310.5 5
310.6 3
310.8 42
310.9 361
311.0 634
311.1 428
311.3 431
311.4 278
311.5 143
311.6 78
311.8 491
311.9 392
312.0 426
312.1 225
312.3 154
312.4 99
312.5 53
312.6 34
312.8 580
312.9 1025
313.0 2286
313.1 4191
313.3 2433
313.4 1296
313.5 666
313.6 516
313.8 836
313.9 1065
314.0 724
314.1 697
314.3 450
314.4 229
314.5 117
314.6 60
314.8 154
314.9 542
315.0 653
315.1 535
315.3 327
315.4 169
315.5 87
315.6 45
315.8 64
315.9 35
316.0 189
316.1 184
316.3 565
316.4 894
316.5 573
316.6 528
316.8 571
316.9 343
317.0 378
317.1 196
317.3 157
317.4 80
317.5 40
317.6 21
317.8 22
317.9 128
318.0 111
318.1 77
318.3 40
318.4 21
318.5 46
318.6 480
318.8 290
318.9 594
319.0 368
319.1 702
319.3 391
319.4 620
319.5 333
319.6 170
319.8 86
319.9 42
320.0 22
320.1 9
320.3 6
320.4 39
320.5 21
320.6 40
320.8 28
320.9 560
321.0 1233
321.1 1275
321.3 673
321.4 844
321.5 844
321.6 439
321.8 225
321.9 172
322.0 166
322.1 511
322.3 279
322.4 154
322.5 81
322.6 294
322.8 179
322.9 615
323.0 507
323.1 455
323.3 576
323.4 346
323.5 178
323.6 90
323.8 48
323.9 114
324.0 529
324.1 335
324.3 174
324.4 94
324.5 100
324.6 57
324.8 29
324.9 18
325.0 491
325.1 521
325.3 274
325.4 140
325.5 71
325.6 35
325.8 20
325.9 185
326.0 140
326.1 147
326.3 81
326.4 182
326.5 180
326.6 102
326.8 374
326.9 906
327.0 1357
327.1 1086
327.3 669
327.4 345
327.5 176
327.6 97
327.8 69
327.9 77
328.0 40
328.1 108
328.3 57
328.4 29
328.5 14
328.6 7
328.8 11
328.9 19
329.0 639
329.1 697
329.3 366
329.4 290
329.5 169
329.6 87
329.8 49
329.9 284
330.0 272
330.1 144
330.3 417
330.4 219
330.5 112
330.6 58
330.8 31
330.9 83
331.0 690
331.1 1104
331.3 984
331.4 519
331.5 367
331.6 191
331.8 97
331.9 48
332.0 28
332.1 289
332.3 159
332.4 497
332.5 264
332.6 149
332.8 485
332.9 260
333.0 196
333.1 159
333.3 88
333.4 45
333.5 22
333.6 11
333.8 6
333.9 58
334.0 143
334.1 301
334.3 693
334.4 615
334.5 322
334.6 288
334.8 167
334.9 126
335.0 1206
335.1 760
335.3 401
335.4 311
335.5 161
335.6 82
335.8 45
335.9 43
336.0 1186
336.1 699
336.3 839
336.4 1110
336.5 585
336.6 300
336.8 160
336.9 518
337.0 278
337.1 195
337.3 416
337.4 421
337.5 218
337.6 112
337.8 56
337.9 62
338.0 407
338.1 1531
338.3 2168
338.4 1438
338.5 745
338.6 463
338.8 280
338.9 172
339.0 402
339.1 452
339.3 817
339.4 446
339.5 229
339.6 117
339.8 62
339.9 182
340.0 368
340.1 678
340.3 363
340.4 311
340.5 163
340.6 86
340.8 228
340.9 208
341.0 1255
341.1 3380
341.3 3964
341.4 2585
341.5 1558
341.6 801
341.8 421
341.9 217
342.0 140
342.1 1737
342.3 1834
342.4 964
342.5 493
342.6 253
342.8 185
342.9 121
343.0 191
343.1 522
343.3 314
343.4 212
343.5 109
343.6 55
343.8 30
343.9 57
344.0 38
344.1 31
344.3 132
344.4 112
344.5 60
344.6 187
344.8 122
344.9 78
345.0 276
345.1 234
345.3 326
345.4 171
345.5 87
345.6 48
345.8 246
345.9 214
346.0 265
346.1 143
346.3 258
346.4 144
346.5 74
346.6 43
346.8 475
346.9 251
347.0 203
347.1 131
347.3 108
347.4 158
347.5 83
347.6 43
347.8 24
347.9 59
348.0 44
348.1 365
348.3 667
348.4 380
348.5 199
348.6 344
348.8 188
348.9 346
349.0 462
349.1 304
349.3 221
349.4 114
349.5 58
349.6 27
349.8 14
349.9 28
350.0 22
350.1 132
350.3 214
350.4 181
350.5 94
350.6 48
350.8 45
350.9 241
351.0 224
351.1 185
351.3 109
351.4 63
351.5 33
351.6 15
351.8 8
351.9 9
352.0 443
352.1 543
352.3 424
352.4 269
352.5 139
352.6 88
352.8 190
352.9 32
353.0 96
353.1 473
353.3 252
353.4 467
353.5 937
353.6 84
353.8 68
353.9 600
354.0 295
354.1 160
354.3 481
354.4 183
354.5 699
354.6 914
354.8 840
354.9 719
355.0 33
355.1 117
355.3 175
355.4 965
355.5 494
355.6 256
355.8 146
355.9 259
356.0 206
356.1 753
356.3 665
356.4 380
356.5 381
356.6 218
356.8 129
356.9 863
357.0 1468
357.1 1367
357.3 870
357.4 454
357.5 231
357.6 124
357.8 226
357.9 618
358.0 650
358.1 728
358.3 383
358.4 197
358.5 101
358.6 157
358.8 490
358.9 833
359.0 1059
359.1 1766
359.3 1936
359.4 1033
359.5 529
359.6 278
359.8 183
359.9 97
360.0 452
360.1 592
360.3 353
360.4 186
360.5 95
360.6 49
360.8 28
360.9 248
361.0 659
361.1 517
361.3 393
361.4 204
361.5 104
361.6 53
361.8 134
361.9 75
362.0 156
362.1 109
362.3 78
362.4 43
362.5 29
362.6 14
362.8 21
362.9 402
363.0 808
363.1 517
363.3 466
363.4 251
363.5 129
363.6 66
363.8 32
363.9 17
364.0 165
364.1 362
364.3 649
364.4 479
364.5 316
364.6 164
364.8 85
364.9 83
365.0 170
365.1 337
365.3 189
365.4 96
365.5 49
365.6 25
365.8 13
365.9 34
366.0 17
366.1 54
366.3 81
366.4 47
366.5 24
366.6 14
366.8 216
366.9 337
367.0 909
367.1 1224
367.3 804
367.4 415
367.5 213
367.6 109
367.8 57
367.9 159
368.0 97
368.1 188
368.3 108
368.4 130
368.5 68
368.6 35
368.8 34
368.9 315
369.0 853
369.1 801
369.3 1362
369.4 879
369.5 454
369.6 233
369.8 167
369.9 93
370.0 465
370.1 462
370.3 291
370.4 163
370.5 85
370.6 152
370.8 868
370.9 3273
371.0 4616
371.1 3426
371.3 2028
371.4 1059
371.5 778
371.6 590
371.8 817
371.9 793
372.0 1412
372.1 978
372.3 512
372.4 384
372.5 343
372.6 281
372.8 685
372.9 1217
373.0 1858
373.1 1053
373.3 560
373.4 397
373.5 481
373.6 251
373.8 135
373.9 479
374.0 707
374.1 741
374.3 675
374.4 584
374.5 304
374.6 395
374.8 210
374.9 221
375.0 1098
375.1 780
375.3 410
375.4 224
375.5 168
375.6 96
375.8 50
375.9 102
376.0 668
376.1 384
376.3 815
376.4 429
376.5 227
376.6 514
376.8 323
376.9 280
377.0 1434
377.1 1131
377.3 1154
377.4 768
377.5 397
377.6 216
377.8 1085
377.9 961
378.0 881
378.1 918
378.3 1083
378.4 567
378.5 294
378.6 150
378.8 79
378.9 189
379.0 113
379.1 610
379.3 346
379.4 177
379.5 90
379.6 46
379.8 22
379.9 48
380.0 178
380.1 184
380.3 201
380.4 149
380.5 76
380.6 57
380.8 172
380.9 766
381.0 730
381.1 596
381.3 118
381.4 116
381.5 444
381.6 291
381.8 712
381.9 273
382.0 68
382.1 243
382.3 71
382.4 226
382.5 388
382.6 715
382.8 488
382.9 242
383.0 555
383.1 455
383.3 318
383.4 137
383.5 982
383.6 500
383.8 264
383.9 867
384.0 114
384.1 263
384.3 887
384.4 475
384.5 244
384.6 124
384.8 80
384.9 340
385.0 600
385.1 196
385.3 465
385.4 772
385.5 448
385.6 232
385.8 122
385.9 290
386.0 1113
386.1 625
386.3 504
386.4 687
386.5 394
386.6 202
386.8 108
386.9 445
387.0 1045
387.1 1086
387.3 654
387.4 852
387.5 616
387.6 376
387.8 413
387.9 243
388.0 486
388.1 342
388.3 458
388.4 539
388.5 553
388.6 303
388.8 514
388.9 630
389.0 355
389.1 452
389.3 449
389.4 258
389.5 132
389.6 67
389.8 32
389.9 20
390.0 266
390.1 377
390.3 307
390.4 401
390.5 213
390.6 115
390.8 107
390.9 501
391.0 968
391.1 1255
391.3 911
391.4 850
391.5 723
391.6 737
391.8 385
391.9 305
392.0 190
392.1 758
392.3 476
392.4 249
392.5 127
392.6 65
392.8 35
392.9 132
393.0 1017
393.1 1084
393.3 595
393.4 321
393.5 662
393.6 350
393.8 187
393.9 98
394.0 228
394.1 406
394.3 337
394.4 460
394.5 246
394.6 136
394.8 93
394.9 192
395.0 999
395.1 1028
395.3 1032
395.4 590
395.5 376
395.6 269
395.8 2250
395.9 1696
396.0 1278
396.1 1056
396.3 868
396.4 627
396.5 400
396.6 208
396.8 132
396.9 390
397.0 830
397.1 1233
397.3 1274
397.4 703
397.5 517
397.6 271
397.8 214
397.9 408
398.0 604
398.1 460
398.3 468
398.4 243
398.5 125
398.6 69
398.8 41
398.9 514
399.0 2375
399.1 1870
399.3 1307
399.4 869
399.5 450
399.6 232
399.8 163
399.9 83
400.0 51
400.1 75
400.3 37
400.4 140
400.5 74
400.6 38
400.8 68
400.9 64
401.0 234
401.1 170
401.3 114
401.4 59
401.5 32
401.6 19
401.8 277
401.9 429
402.0 231
402.1 530
402.3 330
402.4 223
402.5 117
402.6 60
402.8 47
402.9 72
403.0 427
403.1 295
403.3 188
403.4 356
403.5 261
403.6 581
403.8 308
403.9 160
404.0 207
404.1 150
404.3 77
404.4 40
404.5 22
404.6 107
404.8 80
404.9 80
405.0 813
405.1 1210
405.3 641
405.4 597
405.5 315
405.6 162
405.8 94
405.9 107
406.0 271
406.1 178
406.3 128
406.4 65
406.5 33
406.6 17
406.8 9
406.9 94
407.0 990
407.1 1432
407.3 967
407.4 501
407.5 257
407.6 141
407.8 79
407.9 365
408.0 245
408.1 204
408.3 125
408.4 65
408.5 51
408.6 77
408.8 147
408.9 426
409.0 386
409.1 543
409.3 962
409.4 511
409.5 536
409.6 279
409.8 141
409.9 120
410.0 86
410.1 424
410.3 679
410.4 399
410.5 291
410.6 152
410.8 84
410.9 616
411.0 383
411.1 752
411.3 607
411.4 434
411.5 232
411.6 194
411.8 98
411.9 55
412.0 538
412.1 418
412.3 850
412.4 446
412.5 230
412.6 198
412.8 118
412.9 469
413.0 807
413.1 643
413.3 339
413.4 172
413.5 96
413.6 48
413.8 24
413.9 17
414.0 264
414.1 275
414.3 166
414.4 85
414.5 58
414.6 36
414.8 67
414.9 95
415.0 668
415.1 478
415.3 603
415.4 323
415.5 165
415.6 84
415.8 47
415.9 309
416.0 202
416.1 215
416.3 112
416.4 57
416.5 30
416.6 23
416.8 412
416.9 255
417.0 556
417.1 339
417.3 190
417.4 102
417.5 144
417.6 201
417.8 641
417.9 849
418.0 537
418.1 1116
418.3 716
418.4 574
418.5 371
418.6 650
418.8 516
418.9 401
419.0 191
419.1 393
419.3 69
419.4 53
419.5 144
419.6 665
419.8 345
419.9 407
420.0 1007
420.1 1142
420.3 1333
420.4 1195
420.5 640
420.6 334
420.8 172
420.9 177
421.0 467
421.1 339
421.3 542
421.4 294
421.5 151
421.6 76
421.8 38
421.9 23
422.0 274
422.1 944
422.3 889
422.4 510
422.5 328
422.6 169
422.8 91
422.9 452
423.0 406
423.1 297
423.3 223
423.4 154
423.5 81
423.6 41
423.8 19
423.9 9
424.0 7
424.1 260
424.3 260
424.4 140
424.5 72
424.6 37
424.8 80
424.9 41
425.0 64
425.1 190
425.3 510
425.4 1201
425.5 638
425.6 326
425.8 167
425.9 93
426.0 651
426.1 376
426.3 193
426.4 104
426.5 51
426.6 29
426.8 330
426.9 175
427.0 157
427.1 241
427.3 351
427.4 227
427.5 132
427.6 68
427.8 35
427.9 46
428.0 28
428.1 236
428.3 205
428.4 107
428.5 55
428.6 32
428.8 298
428.9 1482
429.0 1492
429.1 1315
429.3 794
429.4 533
429.5 276
429.6 149
429.8 746
429.9 614
430.0 1260
430.1 895
430.3 463
430.4 283
430.5 183
430.6 549
430.8 543
430.9 569
431.0 1795
431.1 1575
431.3 935
431.4 493
431.5 252
431.6 189
431.8 232
431.9 962
432.0 663
432.1 384
432.3 624
432.4 382
432.5 198
432.6 107
432.8 122
432.9 218
433.0 356
433.1 878
433.3 1298
433.4 810
433.5 502
433.6 354
433.8 1039
433.9 2181
434.0 1883
434.1 2644
434.3 1785
434.4 960
434.5 493
434.6 264
434.8 179
434.9 500
435.0 437
435.1 724
435.3 606
435.4 336
435.5 236
435.6 159
435.8 88
435.9 53
436.0 106
436.1 418
436.3 929
436.4 493
436.5 257
436.6 215
436.8 133
436.9 595
437.0 483
437.1 396
437.3 840
437.4 447
437.5 247
437.6 127
437.8 76
437.9 331
438.0 846
438.1 579
438.3 414
438.4 338
438.5 175
438.6 94
438.8 62
438.9 96
439.0 455
439.1 833
439.3 549
439.4 328
439.5 170
439.6 94
439.8 59
439.9 31
440.0 23
440.1 92
440.3 48
440.4 24
440.5 13
440.6 105
440.8 76
440.9 1386
441.0 876
441.1 736
441.3 1644
441.4 882
441.5 492
441.6 253
441.8 129
441.9 95
442.0 85
442.1 125
442.3 232
442.4 122
442.5 61
442.6 31
442.8 52
442.9 1635
443.0 888
443.1 609
443.3 349
443.4 182
443.5 194
443.6 102
443.8 196
443.9 132
444.0 387
444.1 828
444.3 464
444.4 240
444.5 278
444.6 151
444.8 171
444.9 1397
445.0 2673
445.1 1774
445.3 923
445.4 830
445.5 437
445.6 662
445.8 362
445.9 342
446.0 561
446.1 436
446.3 228
446.4 113
446.5 76
446.6 48
446.8 217
446.9 129
447.0 1120
447.1 1546
447.3 1776
447.4 933
447.5 478
447.6 245
447.8 126
447.9 243
448.0 274
448.1 153
448.3 615
448.4 631
448.5 336
448.6 220
448.8 227
448.9 272
449.0 438
449.1 374
449.3 319
449.4 281
449.5 182
449.6 94
449.8 50
449.9 175
450.0 205
450.1 493
450.3 295
450.4 159
450.5 85
450.6 55
450.8 170
450.9 93
451.0 240
451.1 566
451.3 1042
451.4 800
451.5 438
451.6 223
451.8 117
451.9 126
452.0 136
452.1 383
452.3 213
452.4 188
452.5 103
452.6 138
452.8 145
452.9 434
453.0 337
453.1 877
453.3 465
453.4 251
453.5 129
453.6 69
453.8 309
453.9 241
454.0 159
454.1 85
454.3 43
454.4 34
454.5 19
454.6 12
454.8 5
454.9 7
455.0 381
455.1 690
455.3 385
455.4 240
455.5 130
455.6 66
455.8 34
455.9 18
456.0 18
456.1 74
456.3 52
456.4 61
456.5 32
456.6 16
456.8 8
456.9 5
457.0 194
457.1 260
457.3 231
457.4 572
457.5 303
457.6 345
457.8 281
457.9 148
458.0 334
458.1 283
458.3 182
458.4 222
458.5 116
458.6 65
458.8 292
458.9 161
459.0 117
459.1 184
459.3 549
459.4 345
459.5 285
459.6 148
459.8 82
459.9 61
460.0 38
460.1 158
460.3 86
460.4 43
460.5 24
460.6 57
460.8 212
460.9 125
461.0 85
461.1 438
461.3 938
461.4 500
461.5 260
461.6 135
461.8 68
461.9 40
462.0 43
462.1 348
462.3 186
462.4 109
462.5 72
462.6 82
462.8 72
462.9 94
463.0 166
463.1 672
463.3 1283
463.4 698
463.5 359
463.6 185
463.8 98
463.9 153
464.0 847
464.1 844
464.3 1004
464.4 530
464.5 556
464.6 353
464.8 232
464.9 120
465.0 76
465.1 99
465.3 563
465.4 498
465.5 265
465.6 139
465.8 73
465.9 105
466.0 759
466.1 412
466.3 229
466.4 118
466.5 63
466.6 192
466.8 109
466.9 67
467.0 59
467.1 1199
467.3 786
467.4 429
467.5 248
467.6 128
467.8 65
467.9 72
468.0 133
468.1 94
468.3 741
468.4 411
468.5 211
468.6 114
468.8 601
468.9 527
469.0 371
469.1 419
469.3 277
469.4 146
469.5 80
469.6 109
469.8 67
469.9 164
470.0 103
470.1 63
470.3 34
470.4 17
470.5 9
470.6 5
470.8 2
470.9 18
471.0 250
471.1 292
471.3 187
471.4 104
471.5 68
471.6 61
471.8 246
471.9 186
472.0 106
472.1 74
472.3 41
472.4 81
472.5 47
472.6 313
472.8 780
472.9 595
473.0 590
473.1 763
473.3 590
473.4 1007
473.5 530
473.6 269
473.8 140
473.9 72
474.0 80
474.1 142
474.3 88
474.4 106
474.5 54
474.6 31
474.8 213
474.9 587
475.0 670
475.1 412
475.3 450
475.4 1082
475.5 575
475.6 295
475.8 154
475.9 197
476.0 120
476.1 500
476.3 445
476.4 236
476.5 119
476.6 66
476.8 200
476.9 139
477.0 619
477.1 379
477.3 204
477.4 467
477.5 254
477.6 137
477.8 70
477.9 55
478.0 103
478.1 154
478.3 295
478.4 158
478.5 82
478.6 158
478.8 85
478.9 59
479.0 79
479.1 341
479.3 278
479.4 157
479.5 261
479.6 174
479.8 262
479.9 138
480.0 70
480.1 132
480.3 761
480.4 966
480.5 505
480.6 259
480.8 135
480.9 77
481.0 661
481.1 431
481.3 267
481.4 136
481.5 123
481.6 128
481.8 68
481.9 125
482.0 101
482.1 92
482.3 474
482.4 258
482.5 136
482.6 261
482.8 153
482.9 612
483.0 450
483.1 585
483.3 614
483.4 545
483.5 282
483.6 153
483.8 79
483.9 208
484.0 122
484.1 198
484.3 179
484.4 254
484.5 134
484.6 78
484.8 94
484.9 54
485.0 179
485.1 306
485.3 393
485.4 210
485.5 107
485.6 55
485.8 36
485.9 144
486.0 122
486.1 123
486.3 68
486.4 35
486.5 18
486.6 9
486.8 5
486.9 18
487.0 241
487.1 158
487.3 119
487.4 72
487.5 880
487.6 503
487.8 403
487.9 379
488.0 205
488.1 139
488.3 72
488.4 37
488.5 19
488.6 9
488.8 28
488.9 378
489.0 554
489.1 2328
489.3 1444
489.4 752
489.5 390
489.6 199
489.8 105
489.9 210
490.0 787
490.1 438
490.3 425
490.4 550
490.5 293
490.6 155
490.8 218
490.9 345
491.0 671
491.1 1240
491.3 1014
491.4 803
491.5 656
491.6 341
491.8 188
491.9 104
492.0 580
492.1 758
492.3 445
492.4 232
492.5 206
492.6 112
492.8 467
492.9 287
493.0 341
493.1 278
493.3 1049
493.4 633
493.5 931
493.6 533
493.8 382
493.9 509
494.0 505
494.1 899
494.3 698
494.4 380
494.5 255
494.6 134
494.8 121
494.9 94
495.0 215
495.1 206
495.3 313
495.4 187
495.5 127
495.6 66
495.8 49
495.9 217
496.0 211
496.1 438
496.3 256
496.4 231
496.5 142
496.6 83
496.8 229
496.9 376
497.0 208
497.1 115
497.3 72
497.4 41
497.5 181
497.6 98
497.8 388
497.9 212
498.0 114
498.1 414
498.3 475
498.4 247
498.5 126
498.6 65
498.8 38
498.9 198
499.0 146
499.1 314
499.3 177
499.4 92
499.5 46
499.6 27
499.8 33
499.9 548
500.0 396
500.1 234
500.3 968
500.4 559
500.5 289
500.6 157
500.8 406
500.9 258
501.0 567
501.1 656
501.3 655
501.4 347
501.5 556
501.6 614
501.8 321
501.9 164
502.0 183
502.1 352
502.3 706
502.4 477
502.5 248
502.6 271
502.8 200
502.9 1001
503.0 818
503.1 1353
503.3 724
503.4 469
503.5 271
503.6 150
503.8 397
503.9 271
504.0 149
504.1 132
504.3 187
504.4 112
504.5 60
504.6 41
504.8 314
504.9 484
505.0 280
505.1 275
505.3 187
505.4 104
505.5 61
505.6 275
505.8 161
505.9 297
506.0 385
506.1 221
506.3 446
506.4 486
506.5 256
506.6 132
506.8 214
506.9 152
507.0 424
507.1 490
507.3 324
507.4 252
507.5 684
507.6 486
507.8 486
507.9 393
508.0 205
508.1 148
508.3 475
508.4 386
508.5 205
508.6 107
508.8 56
508.9 157
509.0 219
509.1 165
509.3 268
509.4 429
509.5 273
509.6 143
509.8 116
509.9 80
510.0 58
510.1 43
510.3 602
510.4 556
510.5 413
510.6 215
510.8 110
510.9 70
511.0 39
511.1 134
511.3 98
511.4 226
511.5 154
511.6 188
511.8 130
511.9 68
512.0 36
512.1 46
512.3 381
512.4 828
512.5 447
512.6 234
512.8 135
512.9 74
513.0 53
513.1 86
513.3 334
513.4 178
513.5 92
513.6 306
513.8 265
513.9 180
514.0 390
514.1 810
514.3 445
514.4 255
514.5 139
514.6 187
514.8 113
514.9 126
515.0 112
515.1 67
515.3 250
515.4 404
515.5 483
515.6 267
515.8 154
515.9 559
516.0 345
516.1 547
516.3 347
516.4 188
516.5 109
516.6 139
516.8 236
516.9 131
517.0 79
517.1 273
517.3 191
517.4 166
517.5 122
517.6 128
517.8 358
517.9 277
518.0 197
518.1 104
518.3 58
518.4 418
518.5 351
518.6 301
518.8 1134
518.9 1443
519.0 890
519.1 690
519.3 467
519.4 1009
519.5 732
519.6 637
519.8 349
519.9 272
520.0 151
520.1 149
520.3 384
520.4 778
520.5 724
520.6 385
520.8 840
520.9 1857
521.0 1280
521.1 727
521.3 844
521.4 612
521.5 494
521.6 440
521.8 351
521.9 489
522.0 598
522.1 524
522.3 437
522.4 271
522.5 201
522.6 1047
522.8 734
522.9 384
523.0 497
523.1 290
523.3 530
523.4 305
523.5 160
523.6 118
523.8 86
523.9 332
524.0 194
524.1 132
524.3 71
524.4 39
524.5 75
524.6 137
524.8 188
524.9 100
525.0 197
525.1 207
525.3 635
525.4 338
525.5 174
525.6 99
525.8 48
525.9 32
526.0 369
526.1 506
526.3 408
526.4 305
526.5 918
526.6 567
526.8 309
526.9 262
527.0 185
527.1 415
527.3 301
527.4 439
527.5 233
527.6 339
527.8 195
527.9 114
528.0 59
528.1 141
528.3 137
528.4 106
528.5 55
528.6 30
528.8 15
528.9 12
529.0 376
529.1 533
529.3 365
529.4 345
529.5 342
529.6 478
529.8 256
529.9 130
530.0 66
530.1 54
530.3 44
530.4 22
530.5 23
530.6 11
530.8 60
530.9 33
531.0 18
531.1 43
531.3 694
531.4 734
531.5 410
531.6 217
531.8 113
531.9 77
532.0 250
532.1 149
532.3 786
532.4 476
532.5 253
532.6 131
532.8 67
532.9 55
533.0 158
533.1 663
533.3 645
533.4 396
533.5 207
533.6 106
533.8 58
533.9 283
534.0 242
534.1 216
534.3 135
534.4 92
534.5 47
534.6 26
534.8 17
534.9 47
535.0 172
535.1 94
535.3 68
535.4 256
535.5 552
535.6 309
535.8 376
535.9 1212
536.0 1141
536.1 1490
536.3 1024
536.4 923
536.5 701
536.6 379
536.8 724
536.9 1064
537.0 2586
537.1 2654
537.3 1576
537.4 1268
537.5 726
537.6 456
537.8 300
537.9 1110
538.0 1433
538.1 1356
538.3 922
538.4 635
538.5 967
538.6 644
538.8 393
538.9 212
539.0 371
539.1 258
539.3 202
539.4 192
539.5 118
539.6 73
539.8 126
539.9 439
540.0 413
540.1 571
540.3 574
540.4 696
540.5 495
540.6 331
540.8 194
540.9 105
541.0 565
541.1 702
541.3 392
541.4 203
541.5 102
541.6 57
541.8 30
541.9 74
542.0 50
542.1 518
542.3 544
542.4 419
542.5 245
542.6 130
542.8 66
542.9 38
543.0 318
543.1 250
543.3 201
543.4 105
543.5 54
543.6 30
543.8 16
543.9 10
544.0 4
544.1 5
544.3 4
544.4 7
544.5 23
544.6 12
544.8 7
544.9 43
545.0 24
545.1 34
545.3 20
545.4 10
545.5 5
545.6 3
545.8 75
545.9 40
546.0 56
546.1 213
546.3 187
546.4 221
546.5 194
546.6 367
546.8 197
546.9 396
547.0 783
547.1 461
547.3 463
547.4 275
547.5 167
547.6 210
547.8 153
547.9 348
548.0 448
548.1 1131
548.3 1660
548.4 939
548.5 1007
548.6 688
548.8 399
548.9 561
549.0 956
549.1 1229
549.3 1387
549.4 1210
549.5 923
549.6 1211
549.8 1206
549.9 1622
550.0 2162
550.1 2480
550.3 1945
550.4 1888
550.5 1503
550.6 2095
550.8 1950
550.9 1832
551.0 1044
551.1 806
551.3 1084
551.4 591
551.5 824
551.6 606
551.8 333
551.9 329
552.0 442
552.1 329
552.3 793
552.4 857
552.5 996
552.6 786
552.8 683
552.9 358
553.0 221
553.1 120
553.3 353
553.4 262
553.5 176
553.6 263
553.8 185
553.9 1111
554.0 606
554.1 466
554.3 444
554.4 725
554.5 413
554.6 227
554.8 620
554.9 460
555.0 401
555.1 298
555.3 164
555.4 186
555.5 220
555.6 116
555.8 131
555.9 152
556.0 245
556.1 247
556.3 1171
556.4 920
556.5 480
556.6 279
556.8 260
556.9 137
557.0 94
557.1 226
557.3 402
557.4 822
557.5 435
557.6 226
557.8 516
557.9 435
558.0 481
558.1 258
558.3 232
558.4 134
558.5 86
558.6 45
558.8 31
558.9 103
559.0 53
559.1 27
559.3 23
559.4 36
559.5 287
559.6 151
559.8 77
559.9 48
560.0 25
560.1 25
560.3 15
560.4 35
560.5 73
560.6 38
560.8 19
560.9 11
561.0 34
561.1 186
561.3 772
561.4 592
561.5 311
561.6 194
561.8 268
561.9 204
562.0 106
562.1 70
562.3 35
562.4 32
562.5 57
562.6 30
562.8 15
562.9 25
563.0 25
563.1 310
563.3 371
563.4 279
563.5 230
563.6 180
563.8 392
563.9 233
564.0 120
564.1 65
564.3 322
564.4 303
564.5 250
564.6 131
564.8 106
564.9 56
565.0 59
565.1 214
565.3 337
565.4 559
565.5 377
565.6 195
565.8 109
565.9 55
566.0 44
566.1 108
566.3 414
566.4 462
566.5 248
566.6 250
566.8 182
566.9 175
567.0 119
567.1 350
567.3 342
567.4 186
567.5 409
567.6 218
567.8 331
567.9 692
568.0 1196
568.1 784
568.3 413
568.4 223
568.5 391
568.6 213
568.8 111
568.9 63
569.0 289
569.1 179
569.3 200
569.4 109
569.5 192
569.6 116
569.8 71
569.9 461
570.0 431
570.1 311
570.3 556
570.4 498
570.5 276
570.6 164
570.8 114
570.9 171
571.0 127
571.1 87
571.3 128
571.4 336
571.5 589
571.6 1234
571.8 1074
571.9 1661
572.0 1294
572.1 1186
572.3 705
572.4 684
572.5 903
572.6 677
572.8 790
572.9 834
573.0 1112
573.1 1174
573.3 625
573.4 334
573.5 823
573.6 782
573.8 571
573.9 514
574.0 369
574.1 324
574.3 293
574.4 481
574.5 260
574.6 143
574.8 73
574.9 44
575.0 91
575.1 364
575.3 211
575.4 242
575.5 164
575.6 84
575.8 57
575.9 418
576.0 259
576.1 457
576.3 340
576.4 188
576.5 134
576.6 244
576.8 132
576.9 71
577.0 83
577.1 52
577.3 310
577.4 705
577.5 377
577.6 195
577.8 351
577.9 425
578.0 334
578.1 219
578.3 435
578.4 257
578.5 136
578.6 69
578.8 35
578.9 16
579.0 37
579.1 20
579.3 18
579.4 67
579.5 37
579.6 21
579.8 203
579.9 129
580.0 599
580.1 480
580.3 549
580.4 444
580.5 231
580.6 119
580.8 63
580.9 148
581.0 187
581.1 110
581.3 58
581.4 32
581.5 236
581.6 126
581.8 69
581.9 135
582.0 1024
582.1 570
582.3 653
582.4 544
582.5 284
582.6 146
582.8 126
582.9 74
583.0 46
583.1 40
583.3 869
583.4 914
583.5 509
583.6 262
583.8 135
583.9 173
584.0 113
584.1 200
584.3 177
584.4 144
584.5 113
584.6 64
584.8 32
584.9 17
585.0 114
585.1 180
585.3 101
585.4 203
585.5 261
585.6 158
585.8 92
585.9 51
586.0 28
586.1 138
586.3 96
586.4 361
586.5 293
586.6 164
586.8 108
586.9 56
587.0 85
587.1 96
587.3 56
587.4 213
587.5 340
587.6 299
587.8 159
587.9 239
588.0 131
588.1 269
588.3 503
588.4 300
588.5 174
588.6 165
588.8 86
588.9 59
589.0 155
589.1 84
589.3 50
589.4 294
589.5 205
589.6 259
589.8 229
589.9 118
590.0 63
590.1 123
590.3 141
590.4 142
590.5 648
590.6 432
590.8 253
590.9 162
591.0 86
591.1 54
591.3 38
591.4 100
591.5 99
591.6 52
591.8 32
591.9 21
592.0 329
592.1 255
592.3 874
592.4 462
592.5 236
592.6 121
592.8 66
592.9 193
593.0 652
593.1 879
593.3 558
593.4 469
593.5 474
593.6 260
593.8 140
593.9 86
594.0 131
594.1 292
594.3 414
594.4 567
594.5 333
594.6 174
594.8 128
594.9 95
595.0 995
595.1 634
595.3 549
595.4 293
595.5 170
595.6 260
595.8 360
595.9 629
596.0 601
596.1 729
596.3 622
596.4 783
596.5 414
596.6 212
596.8 152
596.9 485
597.0 563
597.1 1079
597.3 617
597.4 939
597.5 502
597.6 268
597.8 140
597.9 256
598.0 372
598.1 197
598.3 99
598.4 59
598.5 73
598.6 48
598.8 154
598.9 91
599.0 396
599.1 246
599.3 128
599.4 70
599.5 37
599.6 106
599.8 57
599.9 30
600.0 46
600.1 28
600.3 173
600.4 437
600.5 1636
600.6 1002
600.8 516
600.9 264
601.0 139
601.1 293
601.3 579
601.4 606
601.5 322
601.6 273
601.8 146
601.9 92
602.0 97
602.1 261
602.3 825
602.4 567
602.5 293
602.6 150
602.8 78
602.9 40
603.0 23
603.1 201
603.3 111
603.4 183
603.5 119
603.6 61
603.8 43
603.9 31
604.0 149
604.1 197
604.3 160
604.4 107
604.5 60
604.6 196
604.8 106
604.9 54
605.0 36
605.1 25
605.3 108
605.4 93
605.5 324
605.6 250
605.8 131
605.9 67
606.0 39
606.1 426
606.3 314
606.4 176
606.5 136
606.6 116
606.8 172
606.9 93
607.0 210
607.1 116
607.3 59
607.4 41
607.5 290
607.6 594
607.8 317
607.9 563
608.0 317
608.1 600
608.3 591
608.4 346
608.5 311
608.6 175
608.8 490
608.9 680
609.0 869
609.1 704
609.3 342
609.4 161
609.5 149
609.6 922
609.8 447
609.9 675
610.0 305
610.1 274
610.3 488
610.4 269
610.5 175
610.6 629
610.8 572
610.9 337
611.0 489
611.1 252
611.3 176
611.4 951
611.5 291
611.6 367
611.8 485
611.9 198
612.0 128
612.1 230
612.3 197
612.4 664
612.5 726
612.6 312
612.8 217
612.9 142
613.0 232
613.1 459
613.3 565
613.4 940
613.5 561
613.6 222
613.8 188
613.9 540
614.0 190
614.1 231
614.3 276
614.4 154
614.5 658
614.6 933
614.8 608
614.9 1068
615.0 1503
615.1 1338
615.3 745
615.4 1006
615.5 530
615.6 270
615.8 158
615.9 294
616.0 1099
616.1 873
616.3 961
616.4 515
616.5 398
616.6 208
616.8 110
616.9 57
617.0 94
617.1 565
617.3 303
617.4 420
617.5 275
617.6 142
617.8 75
617.9 93
618.0 124
618.1 63
618.3 35
618.4 25
618.5 13
618.6 8
618.8 93
618.9 122
619.0 64
619.1 38
619.3 431
619.4 234
619.5 120
619.6 64
619.8 32
619.9 24
620.0 684
620.1 485
620.3 305
620.4 218
620.5 222
620.6 118
620.8 67
620.9 38
621.0 145
621.1 112
621.3 368
621.4 364
621.5 190
621.6 99
621.8 173
621.9 90
622.0 135
622.1 96
622.3 521
622.4 436
622.5 231
622.6 118
622.8 62
622.9 116
623.0 355
623.1 199
623.3 405
623.4 539
623.5 586
623.6 316
623.8 167
623.9 235
624.0 174
624.1 239
624.3 455
624.4 239
624.5 122
624.6 63
624.8 31
624.9 24
625.0 30
625.1 263
625.3 138
625.4 161
625.5 430
625.6 227
625.8 115
625.9 83
626.0 460
626.1 331
626.3 183
626.4 288
626.5 171
626.6 330
626.8 370
626.9 428
627.0 322
627.1 344
627.3 789
627.4 916
627.5 613
627.6 378
627.8 663
627.9 572
628.0 613
628.1 1033
628.3 576
628.4 1081
628.5 649
628.6 600
628.8 765
628.9 476
629.0 515
629.1 277
629.3 394
629.4 217
629.5 185
629.6 98
629.8 61
629.9 44
630.0 24
630.1 20
630.3 58
630.4 388
630.5 423
630.6 504
630.8 263
630.9 152
631.0 82
631.1 42
631.3 21
631.4 16
631.5 8
631.6 3
631.8 9
631.9 25
632.0 58
632.1 61
632.3 742
632.4 596
632.5 311
632.6 196
632.8 149
632.9 659
633.0 464
633.1 598
633.3 456
633.4 267
633.5 376
633.6 456
633.8 257
633.9 1347
634.0 1547
634.1 2115
634.3 1493
634.4 788
634.5 416
634.6 239
634.8 122
634.9 68
635.0 437
635.1 340
635.3 191
635.4 187
635.5 124
635.6 410
635.8 232
635.9 130
636.0 68
636.1 38
636.3 290
636.4 222
636.5 117
636.6 58
636.8 30
636.9 17
637.0 41
637.1 27
637.3 48
637.4 932
637.5 584
637.6 306
637.8 299
637.9 377
638.0 204
638.1 110
638.3 117
638.4 628
638.5 342
638.6 178
638.8 124
638.9 69
639.0 294
639.1 207
639.3 138
639.4 71
639.5 36
639.6 40
639.8 25
639.9 12
640.0 6
640.1 10
640.3 12
640.4 105
640.5 61
640.6 36
640.8 22
640.9 251
641.0 271
641.1 172
641.3 150
641.4 83
641.5 43
641.6 22
641.8 12
641.9 89
642.0 191
642.1 462
642.3 387
642.4 219
642.5 114
642.6 60
642.8 30
642.9 15
643.0 10
643.1 5
643.3 28
643.4 16
643.5 69
643.6 124
643.8 66
643.9 36
644.0 18
644.1 9
644.3 8
644.4 294
644.5 447
644.6 248
644.8 129
644.9 65
645.0 35
645.1 31
645.3 87
645.4 240
645.5 133
645.6 68
645.8 35
645.9 18
646.0 9
646.1 6
646.3 89
646.4 83
646.5 46
646.6 98
646.8 126
646.9 123
647.0 98
647.1 335
647.3 464
647.4 580
647.5 445
647.6 232
647.8 140
647.9 94
648.0 277
648.1 165
648.3 91
648.4 251
648.5 238
648.6 124
648.8 82
648.9 163
649.0 93
649.1 47
649.3 27
649.4 15
649.5 75
649.6 73
649.8 38
649.9 86
650.0 47
650.1 117
650.3 167
650.4 390
650.5 253
650.6 194
650.8 110
650.9 60
651.0 165
651.1 92
651.3 120
651.4 88
651.5 242
651.6 140
651.8 644
651.9 408
652.0 210
652.1 111
652.3 206
652.4 123
652.5 67
652.6 387
652.8 211
652.9 283
653.0 158
653.1 108
653.3 210
653.4 110
653.5 88
653.6 98
653.8 49
653.9 25
654.0 74
654.1 363
654.3 204
654.4 331
654.5 175
654.6 90
654.8 47
654.9 140
655.0 93
655.1 67
655.3 207
655.4 215
655.5 321
655.6 268
655.8 150
655.9 329
656.0 647
656.1 535
656.3 752
656.4 695
656.5 416
656.6 280
656.8 665
656.9 806
657.0 694
657.1 374
657.3 463
657.4 535
657.5 300
657.6 418
657.8 219
657.9 112
658.0 59
658.1 148
658.3 135
658.4 81
658.5 42
658.6 23
658.8 60
658.9 51
659.0 56
659.1 35
659.3 19
659.4 13
659.5 225
659.6 129
659.8 388
659.9 212
660.0 110
660.1 201
660.3 274
660.4 142
660.5 72
660.6 41
660.8 22
660.9 201
661.0 148
661.1 77
661.3 43
661.4 355
661.5 450
661.6 248
661.8 130
661.9 222
662.0 130
662.1 583
662.3 744
662.4 404
662.5 350
662.6 358
662.8 651
662.9 355
663.0 201
663.1 409
663.3 2106
663.4 4384
663.5 3408
663.6 1880
663.8 974
663.9 500
664.0 262
664.1 656
664.3 730
664.4 638
664.5 1725
664.6 1025
664.8 536
664.9 288
665.0 169
665.1 88
665.3 66
665.4 353
665.5 344
665.6 205
665.8 184
665.9 175
666.0 91
666.1 80
666.3 125
666.4 73
666.5 73
666.6 38
666.8 74
666.9 44
667.0 250
667.1 584
667.3 782
667.4 464
667.5 253
667.6 418
667.8 229
667.9 121
668.0 296
668.1 234
668.3 126
668.4 174
668.5 317
668.6 453
668.8 274
668.9 146
669.0 81
669.1 409
669.3 612
669.4 1047
669.5 548
669.6 283
669.8 344
669.9 187
670.0 152
670.1 678
670.3 380
670.4 245
670.5 143
670.6 76
670.8 41
670.9 184
671.0 305
671.1 667
671.3 361
671.4 189
671.5 98
671.6 58
671.8 56
671.9 66
672.0 580
672.1 785
672.3 944
672.4 510
672.5 715
672.6 385
672.8 197
672.9 101
673.0 51
673.1 131
673.3 284
673.4 160
673.5 123
673.6 67
673.8 37
673.9 176
674.0 147
674.1 103
674.3 56
674.4 250
674.5 391
674.6 208
674.8 140
674.9 72
675.0 40
675.1 22
675.3 77
675.4 265
675.5 166
675.6 85
675.8 44
675.9 26
676.0 183
676.1 111
676.3 57
676.4 56
676.5 35
676.6 34
676.8 26
676.9 14
677.0 7
677.1 18
677.3 47
677.4 214
677.5 129
677.6 67
677.8 34
677.9 17
678.0 9
678.1 12
678.3 548
678.4 362
678.5 215
678.6 110
678.8 56
678.9 31
679.0 152
679.1 107
679.3 59
679.4 187
679.5 192
679.6 150
679.8 176
679.9 94
680.0 313
680.1 300
680.3 724
680.4 734
680.5 826
680.6 438
680.8 226
680.9 115
681.0 58
681.1 37
681.3 144
681.4 81
681.5 62
681.6 53
681.8 31
681.9 83
682.0 525
682.1 447
682.3 523
682.4 287
682.5 205
682.6 345
682.8 812
682.9 782
683.0 931
683.1 120
683.3 275
683.4 125
683.5 100
683.6 230
683.8 418
683.9 342
684.0 390
684.1 192
684.3 757
684.4 322
684.5 130
684.6 733
684.8 554
684.9 292
685.0 922
685.1 397
685.3 356
685.4 154
685.5 717
685.6 512
685.8 971
685.9 777
686.0 264
686.1 229
686.3 180
686.4 105
686.5 964
686.6 280
686.8 274
686.9 304
687.0 115
687.1 800
687.3 122
687.4 291
687.5 472
687.6 592
687.8 463
687.9 599
688.0 271
688.1 431
688.3 844
688.4 726
688.5 604
688.6 829
688.8 517
688.9 360
689.0 943
689.1 182
689.3 151
689.4 764
689.5 107
689.6 827
689.8 450
689.9 313
690.0 685
690.1 523
690.3 679
690.4 411
690.5 211
690.6 107
690.8 116
690.9 333
691.0 185
691.1 98
691.3 68
691.4 38
691.5 367
691.6 341
691.8 178
691.9 89
692.0 45
692.1 23
692.3 11
692.4 6
692.5 17
692.6 11
692.8 9
692.9 6
693.0 25
693.1 16
693.3 29
693.4 15
693.5 7
693.6 4
693.8 2
693.9 1
694.0 2
694.1 159
694.3 160
694.4 127
694.5 101
694.6 414
694.8 228
694.9 116
695.0 59
695.1 31
695.3 179
695.4 128
695.5 117
695.6 103
695.8 92
695.9 65
696.0 33
696.1 34
696.3 21
696.4 14
696.5 108
696.6 433
696.8 775
696.9 407
697.0 210
697.1 179
697.3 93
697.4 48
697.5 25
697.6 12
697.8 10
697.9 350
698.0 259
698.1 265
698.3 285
698.4 312
698.5 366
698.6 193
698.8 99
698.9 96
699.0 54
699.1 29
699.3 143
699.4 190
699.5 100
699.6 52
699.8 26
699.9 24
700.0 861
700.1 561
700.3 301
700.4 386
700.5 223
700.6 149
700.8 182
700.9 96
701.0 50
701.1 27
701.3 20
701.4 43
701.5 32
701.6 16
701.8 8
701.9 56
702.0 82
702.1 326
702.3 178
702.4 93
702.5 202
702.6 474
702.8 257
702.9 229
703.0 177
703.1 120
703.3 400
703.4 212
703.5 108
703.6 60
703.8 29
703.9 48
704.0 698
704.1 522
704.3 601
704.4 314
704.5 161
704.6 97
704.8 108
704.9 55
705.0 33
705.1 15
705.3 6
705.4 10
705.5 558
705.6 421
705.8 218
705.9 164
706.0 199
706.1 154
706.3 81
706.4 41
706.5 20
706.6 32
706.8 16
706.9 8
707.0 40
707.1 47
707.3 25
707.4 62
707.5 33
707.6 16
707.8 9
707.9 48
708.0 27
708.1 123
708.3 366
708.4 270
708.5 142
708.6 72
708.8 37
708.9 23
709.0 371
709.1 724
709.3 381
709.4 352
709.5 218
709.6 113
709.8 57
709.9 30
710.0 21
710.1 133
710.3 246
710.4 138
710.5 101
710.6 58
710.8 107
710.9 321
711.0 515
711.1 317
711.3 164
711.4 116
711.5 225
711.6 498
711.8 273
711.9 372
712.0 217
712.1 122
712.3 338
712.4 294
712.5 598
712.6 319
712.8 210
712.9 110
713.0 191
713.1 423
713.3 412
713.4 252
713.5 180
713.6 100
713.8 53
713.9 27
714.0 15
714.1 145
714.3 79
714.4 92
714.5 73
714.6 39
714.8 21
714.9 11
715.0 6
715.1 24
715.3 12
715.4 19
715.5 12
715.6 140
715.8 74
715.9 40
716.0 197
716.1 113
716.3 63
716.4 288
716.5 375
716.6 197
716.8 112
716.9 57
717.0 29
717.1 20
717.3 10
717.4 45
717.5 36
717.6 65
717.8 34
717.9 17
718.0 9
718.1 4
718.3 19
718.4 89
718.5 51
718.6 142
718.8 81
718.9 41
719.0 22
719.1 11
719.3 6
719.4 2
719.5 1
719.6 1
719.8 74
719.9 41
720.0 21
720.1 11
720.3 9
720.4 278
720.5 152
720.6 78
720.8 43
720.9 78
721.0 42
721.1 22
721.3 11
721.4 123
721.5 74
721.6 62
721.8 34
721.9 17
722.0 9
722.1 8
722.3 23
722.4 35
722.5 19
722.6 27
722.8 15
722.9 9
723.0 11
723.1 311
723.3 169
723.4 87
723.5 73
723.6 39
723.8 20
723.9 11
724.0 8
724.1 254
724.3 264
724.4 173
724.5 240
724.6 151
724.8 79
724.9 74
725.0 285
725.1 161
725.3 344
725.4 215
725.5 111
725.6 57
725.8 29
725.9 14
726.0 9
726.1 4
726.3 3
726.4 171
726.5 225
726.6 125
726.8 65
726.9 40
727.0 21
727.1 34
727.3 26
727.4 681
727.5 389
727.6 200
727.8 103
727.9 52
728.0 34
728.1 580
728.3 484
728.4 262
728.5 211
728.6 257
728.8 145
728.9 74
729.0 44
729.1 466
729.3 382
729.4 214
729.5 110
729.6 109
729.8 66
729.9 43
730.0 34
730.1 108
730.3 58
730.4 28
730.5 22
730.6 12
730.8 6
730.9 11
731.0 7
731.1 15
731.3 8
731.4 4
731.5 2
731.6 32
731.8 17
731.9 9
732.0 5
732.1 91
732.3 75
732.4 379
732.5 213
732.6 405
732.8 213
732.9 116
733.0 562
733.1 346
733.3 182
733.4 436
733.5 564
733.6 295
733.8 151
733.9 77
734.0 42
734.1 242
734.3 222
734.4 115
734.5 73
734.6 47
734.8 24
734.9 12
735.0 7
735.1 3
735.3 2
735.4 0
735.5 22
735.6 15
735.8 267
735.9 144
736.0 75
736.1 97
736.3 54
736.4 151
736.5 85
736.6 47
736.8 37
736.9 20
737.0 79
737.1 250
737.3 177
737.4 392
737.5 653
737.6 364
737.8 190
737.9 110
738.0 56
738.1 28
738.3 70
738.4 87
738.5 203
738.6 107
738.8 56
738.9 29
739.0 68
739.1 478
739.3 266
739.4 564
739.5 395
739.6 369
739.8 401
739.9 214
740.0 330
740.1 260
740.3 135
740.4 173
740.5 171
740.6 625
740.8 492
740.9 263
741.0 329
741.1 667
741.3 811
741.4 520
741.5 365
741.6 394
741.8 379
741.9 270
742.0 150
742.1 494
742.3 495
742.4 442
742.5 238
742.6 777
742.8 458
742.9 360
743.0 218
743.1 149
743.3 78
743.4 53
743.5 92
743.6 47
743.8 32
743.9 40
744.0 211
744.1 365
744.3 362
744.4 189
744.5 97
744.6 49
744.8 26
744.9 70
745.0 164
745.1 288
745.3 151
745.4 77
745.5 43
745.6 21
745.8 31
745.9 15
746.0 10
746.1 219
746.3 499
746.4 534
746.5 313
746.6 162
746.8 84
746.9 53
747.0 264
747.1 148
747.3 85
747.4 41
747.5 23
747.6 178
747.8 98
747.9 63
748.0 901
748.1 486
748.3 249
748.4 130
748.5 80
748.6 42
748.8 21
748.9 10
749.0 7
749.1 2
749.3 0
749.4 2
749.5 25
749.6 15
749.8 8
749.9 24
750.0 13
750.1 45
750.3 484
750.4 314
750.5 174
750.6 89
750.8 46
750.9 23
751.0 12
751.1 7
751.3 47
751.4 23
751.5 12
751.6 6
751.8 3
751.9 1
752.0 0
752.1 1
752.3 84
752.4 206
752.5 110
752.6 73
752.8 38
752.9 19
753.0 10
753.1 5
753.3 1
753.4 1
753.5 27
753.6 15
753.8 8
753.9 4
754.0 2
754.1 1
754.3 0
754.4 0
754.5 0
754.6 52
754.8 28
754.9 14
755.0 7
755.1 3
755.3 4
755.4 181
755.5 97
755.6 60
755.8 46
755.9 49
756.0 26
756.1 13
756.3 8
756.4 7
756.5 100
756.6 129
756.8 95
756.9 52
757.0 201
757.1 130
757.3 313
757.4 272
757.5 652
757.6 547
757.8 239
757.9 530
758.0 636
758.1 965
758.3 628
758.4 191
758.5 224
758.6 336
758.8 207
758.9 312
759.0 605
759.1 891
759.3 902
759.4 303
759.5 784
759.6 494
759.8 526
759.9 412
760.0 909
760.1 184
760.3 140
760.4 293
760.5 407
760.6 930
760.8 644
760.9 272
761.0 430
761.1 772
761.3 785
761.4 437
761.5 566
761.6 232
761.8 126
761.9 662
762.0 196
762.1 277
762.3 530
762.4 827
762.5 422
762.6 216
762.8 151
762.9 184
763.0 122
763.1 187
763.3 147
763.4 905
763.5 574
763.6 298
763.8 155
763.9 281
764.0 192
764.1 118
764.3 72
764.4 52
764.5 1185
764.6 843
764.8 434
764.9 222
765.0 114
765.1 65
765.3 33
765.4 21
765.5 11
765.6 6
765.8 1
765.9 0
766.0 4
766.1 202
766.3 111
766.4 129
766.5 840
766.6 462
766.8 238
766.9 140
767.0 559
767.1 320
767.3 164
767.4 182
767.5 284
767.6 185
767.8 155
767.9 813
768.0 439
768.1 232
768.3 182
768.4 229
768.5 190
768.6 143
768.8 74
768.9 39
769.0 107
769.1 54
769.3 27
769.4 12
769.5 6
769.6 45
769.8 24
769.9 12
770.0 5
770.1 3
770.3 1
770.4 0
770.5 0
770.6 0
770.8 0
770.9 0
771.0 0
771.1 0
771.3 0
771.4 0
771.5 0
771.6 0
771.8 0
771.9 9
772.0 20
772.1 74
772.3 47
772.4 24
772.5 21
772.6 11
772.8 6
772.9 3
773.0 45
773.1 25
773.3 25
773.4 18
773.5 234
773.6 217
773.8 290
773.9 154
774.0 204
774.1 177
774.3 92
774.4 47
774.5 24
774.6 16
774.8 346
774.9 192
775.0 98
775.1 49
775.3 25
775.4 12
775.5 6
775.6 4
775.8 1
775.9 77
776.0 153
776.1 114
776.3 216
776.4 193
776.5 103
776.6 224
776.8 125
776.9 110
777.0 113
777.1 119
777.3 342
777.4 180
777.5 92
777.6 46
777.8 56
777.9 105
778.0 71
778.1 36
778.3 17
778.4 9
778.5 5
778.6 104
778.8 55
778.9 30
779.0 123
779.1 69
779.3 126
779.4 82
779.5 49
779.6 24
779.8 12
779.9 46
780.0 26
780.1 13
780.3 6
780.4 3
780.5 2
780.6 74
780.8 45
780.9 141
781.0 77
781.1 40
781.3 20
781.4 10
781.5 5
781.6 19
781.8 9
781.9 4
782.0 2
782.1 1
782.3 0
782.4 5
782.5 10
782.6 214
782.8 344
782.9 181
783.0 93
783.1 47
783.3 34
783.4 17
783.5 17
783.6 18
783.8 9
783.9 4
784.0 2
784.1 1
784.3 46
784.4 32
784.5 16
784.6 8
784.8 4
784.9 1
785.0 1
785.1 28
785.3 27
785.4 113
785.5 59
785.6 30
785.8 16
785.9 8
786.0 5
786.1 74
786.3 39
786.4 20
786.5 10
786.6 19
786.8 16
786.9 8
787.0 5
787.1 64
787.3 34
787.4 19
787.5 132
787.6 70
787.8 35
787.9 18
788.0 8
788.1 15
788.3 9
788.4 91
788.5 69
788.6 447
788.8 238
788.9 122
789.0 116
789.1 74
789.3 38
789.4 22
789.5 12
789.6 8
789.8 3
789.9 2
790.0 88
790.1 73
790.3 38
790.4 67
790.5 38
790.6 20
790.8 30
790.9 16
791.0 65
791.1 235
791.3 247
791.4 131
791.5 67
791.6 36
791.8 21
791.9 10
792.0 10
792.1 28
792.3 33
792.4 17
792.5 9
792.6 12
792.8 320
792.9 171
793.0 88
793.1 46
793.3 242
793.4 274
793.5 150
793.6 77
793.8 40
793.9 19
794.0 20
794.1 9
794.3 3
794.4 1
794.5 6
794.6 3
794.8 2
794.9 1
795.0 0
795.1 8
795.3 5
795.4 2
795.5 1
795.6 28
795.8 15
795.9 8
796.0 4
796.1 2
796.3 1
796.4 4
796.5 21
796.6 14
796.8 7
796.9 3
797.0 2
797.1 1
797.3 1
797.4 0
797.5 0
797.6 0
797.8 0
797.9 0
798.0 0
798.1 0
798.3 0
798.4 56
798.5 53
798.6 28
798.8 15
798.9 8
799.0 8
799.1 4
799.3 1
799.4 0
799.5 0
799.6 0
799.8 0
799.9 1
800.0 5
800.1 2
800.3 1
800.4 0
800.5 0
800.6 0
800.8 0
800.9 23
801.0 13
801.1 7
801.3 4
801.4 2
801.5 1
801.6 1
801.8 51
801.9 37
802.0 27
802.1 15
802.3 67
802.4 35
802.5 18
802.6 9
802.8 5
802.9 2
803.0 7
803.1 445
803.3 248
803.4 190
803.5 98
803.6 51
803.8 26
803.9 22
804.0 719
804.1 386
804.3 198
804.4 104
804.5 59
804.6 29
804.8 15
804.9 24
805.0 22
805.1 11
805.3 5
805.4 2
805.5 1
805.6 0
805.8 0
805.9 1
806.0 59
806.1 31
806.3 17
806.4 8
806.5 4
806.6 2
806.8 2
806.9 1
807.0 0
807.1 0
807.3 8
807.4 4
807.5 2
807.6 1
807.8 1
807.9 0
808.0 0
808.1 0
808.3 0
808.4 1
808.5 148
808.6 113
808.8 60
808.9 133
809.0 70
809.1 37
809.3 19
809.4 9
809.5 5
809.6 101
809.8 53
809.9 26
810.0 13
810.1 8
810.3 5
810.4 79
810.5 52
810.6 66
810.8 36
810.9 19
811.0 9
811.1 5
811.3 44
811.4 26
811.5 13
811.6 6
811.8 4
811.9 2
812.0 1
812.1 23
812.3 21
812.4 12
812.5 70
812.6 40
812.8 250
812.9 277
813.0 224
813.1 133
813.3 68
813.4 37
813.5 50
813.6 95
813.8 57
813.9 362
814.0 589
814.1 446
814.3 334
814.4 306
814.5 166
814.6 86
814.8 46
814.9 146
815.0 81
815.1 414
815.3 659
815.4 383
815.5 202
815.6 116
815.8 120
815.9 724
816.0 464
816.1 255
816.3 129
816.4 66
816.5 73
816.6 40
816.8 21
816.9 11
817.0 3
817.1 37
817.3 39
817.4 182
817.5 163
817.6 224
817.8 117
817.9 62
818.0 35
818.1 210
818.3 127
818.4 66
818.5 34
818.6 16
818.8 8
818.9 5
819.0 2
819.1 2
819.3 158
819.4 84
819.5 43
819.6 25
819.8 100
819.9 54
820.0 59
820.1 53
820.3 96
820.4 75
820.5 40
820.6 59
820.8 37
820.9 20
821.0 40
821.1 23
821.3 12
821.4 15
821.5 15
821.6 529
821.8 282
821.9 145
822.0 74
822.1 38
822.3 41
822.4 21
822.5 10
822.6 6
822.8 5
822.9 5
823.0 2
823.1 1
823.3 14
823.4 149
823.5 79
823.6 40
823.8 20
823.9 15
824.0 7
824.1 4
824.3 2
824.4 22
824.5 11
824.6 6
824.8 3
824.9 1
825.0 1
825.1 14
825.3 376
825.4 266
825.5 138
825.6 71
825.8 38
825.9 161
826.0 92
826.1 47
826.3 25
826.4 11
826.5 6
826.6 3
826.8 3
826.9 2
827.0 1
827.1 0
827.3 0
827.4 0
827.5 0
827.6 0
827.8 2
827.9 3
828.0 2
828.1 1
828.3 0
828.4 0
828.5 0
828.6 0
828.8 0
828.9 0
829.0 52
829.1 28
829.3 16
829.4 8
829.5 4
829.6 3
829.8 1
829.9 0
830.0 0
830.1 0
830.3 0
830.4 1
830.5 139
830.6 78
830.8 360
830.9 197
831.0 104
831.1 73
831.3 58
831.4 30
831.5 48
831.6 275
831.8 336
831.9 554
832.0 451
832.1 128
832.3 666
832.4 954
832.5 249
832.6 710
832.8 193
832.9 298
833.0 428
833.1 755
833.3 918
833.4 643
833.5 504
833.6 291
833.8 788
833.9 346
834.0 359
834.1 201
834.3 671
834.4 863
834.5 245
834.6 261
834.8 697
834.9 494
835.0 785
835.1 963
835.3 481
835.4 392
835.5 119
835.6 108
835.8 570
835.9 385
836.0 529
836.1 214
836.3 173
836.4 170
836.5 103
836.6 143
836.8 562
836.9 301
837.0 779
837.1 519
837.3 209
837.4 253
837.5 689
837.6 392
837.8 216
837.9 110
838.0 67
838.1 104
838.3 616
838.4 322
838.5 191
838.6 120
838.8 67
838.9 58
839.0 180
839.1 100
839.3 143
839.4 77
839.5 40
839.6 21
839.8 10
839.9 4
840.0 2
840.1 1
840.3 0
840.4 0
840.5 2
840.6 166
840.8 89
840.9 46
841.0 96
841.1 236
841.3 124
841.4 91
841.5 82
841.6 64
841.8 33
841.9 17
842.0 8
842.1 4
842.3 2
842.4 0
842.5 0
842.6 1
842.8 0
842.9 0
843.0 0
843.1 0
843.3 0
843.4 20
843.5 11
843.6 5
843.8 3
843.9 1
844.0 0
844.1 5
844.3 378
844.4 200
844.5 102
844.6 52
844.8 27
844.9 96
845.0 52
845.1 26
845.3 13
845.4 6
845.5 3
845.6 4
845.8 240
845.9 331
846.0 173
846.1 91
846.3 178
846.4 93
846.5 48
846.6 24
846.8 11
846.9 21
847.0 11
847.1 4
847.3 3
847.4 43
847.5 32
847.6 67
847.8 274
847.9 155
848.0 80
848.1 59
848.3 30
848.4 15
848.5 7
848.6 4
848.8 1
848.9 3
849.0 2
849.1 1
849.3 0
849.4 0
849.5 0
849.6 1
849.8 1
849.9 49
850.0 37
850.1 220
850.3 122
850.4 313
850.5 216
850.6 112
850.8 57
850.9 40
851.0 431
851.1 632
851.3 349
851.4 180
851.5 91
851.6 52
851.8 56
851.9 29
852.0 15
852.1 72
852.3 84
852.4 44
852.5 22
852.6 17
852.8 9
852.9 4
853.0 2
853.1 8
853.3 112
853.4 564
853.5 303
853.6 155
853.8 79
853.9 41
854.0 21
854.1 17
854.3 9
854.4 4
854.5 2
854.6 0
854.8 0
854.9 0
855.0 0
855.1 0
855.3 0
855.4 0
855.5 0
855.6 0
855.8 1
855.9 2
856.0 92
856.1 48
856.3 25
856.4 12
856.5 6
856.6 3
856.8 1
856.9 0
857.0 1
857.1 104
857.3 158
857.4 83
857.5 42
857.6 21
857.8 11
857.9 5
858.0 7
858.1 6
858.3 2
858.4 1
858.5 0
858.6 1
858.8 2
858.9 127
859.0 84
859.1 59
859.3 35
859.4 19
859.5 9
859.6 6
859.8 81
859.9 43
860.0 71
860.1 104
860.3 118
860.4 61
860.5 31
860.6 36
860.8 113
860.9 120
861.0 68
861.1 246
861.3 173
861.4 99
861.5 309
861.6 162
861.8 83
861.9 42
862.0 45
862.1 24
862.3 12
862.4 12
862.5 536
862.6 310
862.8 160
862.9 82
863.0 41
863.1 21
863.3 11
863.4 5
863.5 2
863.6 3
863.8 1
863.9 2
864.0 167
864.1 96
864.3 49
864.4 25
864.5 16
864.6 215
864.8 115
864.9 85
865.0 89
865.1 46
865.3 23
865.4 12
865.5 6
865.6 3
865.8 1
865.9 11
866.0 5
866.1 2
866.3 1
866.4 2
866.5 2
866.6 1
866.8 1
866.9 0
867.0 1
867.1 0
867.3 0
867.4 0
867.5 0
867.6 0
867.8 0
867.9 0
868.0 70
868.1 37
868.3 19
868.4 9
868.5 5
868.6 2
868.8 1
868.9 0
869.0 0
869.1 0
869.3 0
869.4 0
869.5 0
869.6 0
869.8 1
869.9 101
870.0 61
870.1 31
870.3 23
870.4 12
870.5 6
870.6 5
870.8 7
870.9 338
871.0 179
871.1 91
871.3 47
871.4 23
871.5 12
871.6 7
871.8 40
871.9 23
872.0 11
872.1 5
872.3 3
872.4 1
872.5 0
872.6 0
872.8 0
872.9 0
873.0 0
873.1 0
873.3 6
873.4 3
873.5 1
873.6 1
873.8 13
873.9 17
874.0 9
874.1 5
874.3 2
874.4 1
874.5 0
874.6 2
874.8 1
874.9 0
875.0 0
875.1 0
875.3 0
875.4 0
875.5 0
875.6 0
875.8 0
875.9 0
876.0 0
876.1 0
876.3 0
876.4 0
876.5 0
876.6 52
876.8 28
876.9 14
877.0 7
877.1 4
877.3 2
877.4 0
877.5 0
877.6 0
877.8 0
877.9 3
878.0 1
878.1 0
878.3 0
878.4 0
878.5 0
878.6 0
878.8 1
878.9 0
879.0 2
879.1 189
879.3 100
879.4 51
879.5 26
879.6 13
879.8 6
879.9 3
880.0 1
880.1 1
880.3 0
880.4 32
880.5 18
880.6 10
880.8 76
880.9 42
881.0 95
881.1 49
881.3 25
881.4 13
881.5 5
881.6 3
881.8 0
881.9 0
882.0 0
882.1 0
882.3 0
882.4 0
882.5 0
882.6 0
882.8 0
882.9 0
883.0 0
883.1 0
883.3 1
883.4 6
883.5 3
883.6 1
883.8 0
883.9 0
884.0 0
884.1 0
884.3 0
884.4 0
884.5 0
884.6 0
884.8 0
884.9 2
885.0 1
885.1 1
885.3 24
885.4 99
885.5 197
885.6 105
885.8 54
885.9 28
886.0 14
886.1 7
886.3 2
886.4 0
886.5 0
886.6 0
886.8 0
886.9 0
887.0 0
887.1 1
887.3 106
887.4 61
887.5 31
887.6 16
887.8 8
887.9 4
888.0 7
888.1 404
888.3 237
888.4 123
888.5 145
888.6 80
888.8 41
888.9 21
889.0 10
889.1 8
889.3 146
889.4 83
889.5 43
889.6 22
889.8 11
889.9 6
890.0 2
890.1 0
890.3 0
890.4 0
890.5 10
890.6 5
890.8 3
890.9 24
891.0 13
891.1 6
891.3 4
891.4 58
891.5 30
891.6 16
891.8 10
891.9 5
892.0 3
892.1 1
892.3 0
892.4 0
892.5 20
892.6 18
892.8 9
892.9 5
893.0 2
893.1 1
893.3 0
893.4 5
893.5 424
893.6 258
893.8 133
893.9 68
894.0 35
894.1 18
894.3 99
894.4 54
894.5 28
894.6 13
894.8 6
894.9 3
895.0 1
895.1 0
895.3 0
895.4 0
895.5 0
895.6 0
895.8 0
895.9 0
896.0 0
896.1 0
896.3 0
896.4 0
896.5 0
896.6 0
896.8 1
896.9 0
897.0 0
897.1 0
897.3 0
897.4 1
897.5 0
897.6 0
897.8 0
897.9 0
898.0 0
898.1 0
898.3 1
898.4 0
898.5 3
898.6 199
898.8 113
898.9 58
899.0 29
899.1 15
899.3 7
899.4 3
899.5 2
899.6 1
899.8 3
899.9 1
900.0 0
900.1 0
900.3 0
900.4 0
900.5 0
900.6 10
900.8 8
900.9 193
901.0 375
901.1 197
901.3 101
901.4 51
901.5 26
901.6 13
901.8 7
901.9 3
902.0 2
902.1 0
902.3 0
902.4 0
902.5 9
902.6 770
902.8 734
902.9 421
903.0 421
903.1 535
903.3 280
903.4 143
903.5 72
903.6 37
903.8 18
903.9 7
904.0 3
904.1 1
904.3 0
904.4 0
904.5 0
904.6 11
904.8 6
904.9 3
905.0 41
905.1 183
905.3 712
905.4 544
905.5 292
905.6 150
905.8 88
905.9 156
906.0 805
906.1 432
906.3 838
906.4 323
906.5 805
906.6 101
906.8 697
906.9 538
907.0 257
907.1 389
907.3 128
907.4 353
907.5 972
907.6 115
907.8 621
907.9 856
908.0 202
908.1 283
908.3 860
908.4 529
908.5 186
908.6 972
908.8 675
908.9 595
909.0 705
909.1 2059
909.3 1697
909.4 1104
909.5 571
909.6 299
909.8 152
909.9 86
910.0 498
910.1 1282
910.3 1141
910.4 1010
910.5 526
910.6 308
910.8 158
910.9 80
911.0 140
911.1 872
911.3 572
911.4 319
911.5 186
911.6 97
911.8 48
911.9 32
912.0 16
912.1 66
912.3 35
912.4 20
912.5 10
912.6 5
912.8 3
912.9 18
913.0 11
913.1 5
913.3 4
913.4 2
913.5 1
913.6 0
913.8 0
913.9 0
914.0 0
914.1 7
914.3 3
914.4 2
914.5 12
914.6 6
914.8 3
914.9 1
915.0 0
915.1 0
915.3 0
915.4 0
915.5 0
915.6 0
915.8 0
915.9 0
916.0 0
916.1 0
916.3 0
916.4 0
916.5 0
916.6 0
916.8 0
916.9 0
917.0 0
917.1 0
917.3 0
917.4 0
917.5 0
917.6 0
917.8 0
917.9 13
918.0 39
918.1 20
918.3 10
918.4 5
918.5 2
918.6 1
918.8 0
918.9 0
919.0 0
919.1 0
919.3 0
919.4 0
919.5 0
919.6 0
919.8 0
919.9 0
920.0 60
920.1 46
920.3 23
920.4 12
920.5 6
920.6 3
920.8 2
920.9 0
921.0 0
921.1 0
921.3 0
921.4 0
921.5 1
921.6 80
921.8 88
921.9 46
922.0 23
922.1 12
922.3 6
922.4 3
922.5 1
922.6 0
922.8 0
922.9 0
923.0 0
923.1 0
923.3 0
923.4 0
923.5 1
923.6 89
923.8 59
923.9 31
924.0 16
924.1 95
924.3 55
924.4 27
924.5 14
924.6 7
924.8 3
924.9 7
925.0 4
925.1 2
925.3 43
925.4 26
925.5 13
925.6 7
925.8 3
925.9 1
926.0 1
926.1 10
926.3 54
926.4 28
926.5 14
926.6 9
926.8 146
926.9 78
927.0 41
927.1 113
927.3 60
927.4 31
927.5 16
927.6 8
927.8 4
927.9 1
928.0 0
928.1 0
928.3 0
928.4 0
928.5 0
928.6 0
928.8 0
928.9 0
929.0 0
929.1 5
929.3 412
929.4 569
929.5 298
929.6 153
929.8 78
929.9 40
930.0 20
930.1 10
930.3 5
930.4 3
930.5 0
930.6 0
930.8 0
930.9 0
931.0 0
931.1 2
931.3 158
931.4 85
931.5 43
931.6 22
931.8 11
931.9 6
932.0 2
932.1 0
932.3 0
932.4 0
932.5 0
932.6 0
932.8 0
932.9 0
933.0 0
933.1 0
933.3 0
933.4 0
933.5 0
933.6 0
933.8 0
933.9 0
934.0 0
934.1 0
934.3 0
934.4 0
934.5 0
934.6 0
934.8 21
934.9 11
935.0 5
935.1 2
935.3 1
935.4 0
935.5 0
935.6 0
935.8 0
935.9 0
936.0 0
936.1 0
936.3 0
936.4 0
936.5 6
936.6 3
936.8 1
936.9 0
937.0 1
937.1 0
937.3 0
937.4 0
937.5 0
937.6 0
937.8 0
937.9 0
938.0 0
938.1 0
938.3 0
938.4 1
938.5 70
938.6 39
938.8 46
938.9 24
939.0 12
939.1 8
939.3 209
939.4 167
939.5 86
939.6 44
939.8 22
939.9 11
940.0 5
940.1 3
940.3 1
940.4 1
940.5 0
940.6 0
940.8 0
940.9 0
941.0 0
941.1 0
941.3 0
941.4 0
941.5 0
941.6 0
941.8 0
941.9 0
942.0 0
942.1 13
942.3 7
942.4 3
942.5 1
942.6 0
942.8 5
942.9 365
943.0 195
943.1 100
943.3 51
943.4 26
943.5 13
943.6 7
943.8 3
943.9 1
944.0 0
944.1 0
944.3 0
944.4 0
944.5 0
944.6 0
944.8 0
944.9 0
945.0 0
945.1 0
945.3 0
945.4 0
945.5 0
945.6 0
945.8 0
945.9 0
946.0 0
946.1 0
946.3 0
946.4 0
946.5 0
946.6 0
946.8 0
946.9 0
947.0 0
947.1 0
947.3 0
947.4 0
947.5 0
947.6 0
947.8 9
947.9 5
948.0 2
948.1 1
948.3 0
948.4 0
948.5 0
948.6 0
948.8 29
948.9 15
949.0 7
949.1 4
949.3 2
949.4 1
949.5 0
949.6 0
949.8 0
949.9 0
950.0 1
950.1 0
950.3 0
950.4 0
950.5 14
950.6 7
950.8 5
950.9 90
951.0 48
951.1 24
951.3 12
951.4 6
951.5 3
951.6 1
951.8 0
951.9 0
952.0 0
952.1 0
952.3 0
952.4 0
952.5 0
952.6 0
952.8 0
952.9 0
953.0 0
953.1 0
953.3 0
953.4 0
953.5 0
953.6 0
953.8 0
953.9 0
954.0 0
954.1 0
954.3 0
954.4 0
954.5 0
954.6 0
954.8 0
954.9 0
955.0 0
955.1 0
955.3 0
955.4 0
955.5 0
955.6 0
955.8 0
955.9 0
956.0 0
956.1 0
956.3 0
956.4 0
956.5 0
956.6 0
956.8 0
956.9 0
957.0 0
957.1 0
957.3 0
957.4 0
957.5 0
957.6 0
957.8 0
957.9 0
958.0 0
958.1 0
958.3 53
958.4 186
958.5 97
958.6 50
958.8 25
958.9 13
959.0 6
959.1 3
959.3 1
959.4 0
959.5 3
959.6 2
959.8 1
959.9 0
960.0 0
960.1 0
960.3 0
960.4 0
960.5 0
960.6 3
960.8 13
960.9 7
961.0 5
961.1 2
961.3 1
961.4 0
961.5 0
961.6 0
961.8 0
961.9 0
962.0 0
962.1 1
962.3 148
962.4 576
962.5 303
962.6 155
962.8 79
962.9 41
963.0 21
963.1 10
963.3 5
963.4 2
963.5 1
963.6 4
963.8 2
963.9 1
964.0 45
964.1 25
964.3 13
964.4 6
964.5 3
964.6 8
964.8 461
964.9 263
965.0 135
965.1 69
965.3 35
965.4 18
965.5 9
965.6 4
965.8 2
965.9 0
966.0 8
966.1 8
966.3 5
966.4 3
966.5 1
966.6 1
966.8 3
966.9 2
967.0 1
967.1 0
967.3 0
967.4 0
967.5 0
967.6 0
967.8 0
967.9 0
968.0 0
968.1 0
968.3 0
968.4 0
968.5 0
968.6 0
968.8 0
968.9 0
969.0 0
969.1 0
969.3 0
969.4 0
969.5 0
969.6 0
969.8 0
969.9 0
970.0 0
970.1 0
970.3 0
970.4 0
970.5 0
970.6 0
970.8 0
970.9 0
971.0 0
971.1 0
971.3 0
971.4 0
971.5 0
971.6 0
971.8 0
971.9 0
972.0 0
972.1 0
972.3 0
972.4 0
972.5 0
972.6 0
972.8 0
972.9 0
973.0 0
973.1 0
973.3 0
973.4 0
973.5 0
973.6 0
973.8 4
973.9 2
974.0 1
974.1 0
974.3 0
974.4 3
974.5 1
974.6 0
974.8 0
974.9 0
975.0 0
975.1 0
975.3 0
975.4 0
975.5 0
975.6 0
975.8 0
975.9 0
976.0 0
976.1 0
976.3 0
976.4 0
976.5 0
976.6 0
976.8 0
976.9 0
977.0 0
977.1 0
977.3 0
977.4 0
977.5 0
977.6 1
977.8 148
977.9 361
978.0 190
978.1 97
978.3 50
978.4 26
978.5 14
978.6 7
978.8 4
978.9 0
979.0 0
979.1 0
979.3 4
979.4 18
979.5 337
979.6 221
979.8 179
979.9 107
980.0 1086
980.1 2599
980.3 2316
980.4 1555
980.5 1023
980.6 597
980.8 495
980.9 285
981.0 795
981.1 959
981.3 1463
981.4 2307
981.5 1375
981.6 840
981.8 441
981.9 229
982.0 226
982.1 514
982.3 1476
982.4 1704
982.5 1071
982.6 570
982.8 293
982.9 162
983.0 399
983.1 432
983.3 969
983.4 1070
983.5 826
983.6 472
983.8 246
983.9 134
984.0 79
984.1 1017
984.3 1462
984.4 947
984.5 488
984.6 250
984.8 129
984.9 127
985.0 76
985.1 655
985.3 496
985.4 379
985.5 209
985.6 147
985.8 76
985.9 38
986.0 26
986.1 333
986.3 355
986.4 186
986.5 95
986.6 49
986.8 24
986.9 13
987.0 33
987.1 52
987.3 27
987.4 13
987.5 7
987.6 3
987.8 1
987.9 1
988.0 0
988.1 0
988.3 0
988.4 0
988.5 0
988.6 0
988.8 0
988.9 0
989.0 0
989.1 0
989.3 0
989.4 0
989.5 0
989.6 0
989.8 0
989.9 0
990.0 0
990.1 0
990.3 0
990.4 0
990.5 0
990.6 0
990.8 0
990.9 0
991.0 0
991.1 0
991.3 0
991.4 0
991.5 0
991.6 0
991.8 0
991.9 0
992.0 0
992.1 0
992.3 0
992.4 0
992.5 0
992.6 0
992.8 0
992.9 0
993.0 0
993.1 0
993.3 33
993.4 17
993.5 9
993.6 4
993.8 2
993.9 1
994.0 0
994.1 0
994.3 0
994.4 0
994.5 0
994.6 0
994.8 0
994.9 0
995.0 0
995.1 0
995.3 0
995.4 0
995.5 0
995.6 0
995.8 0
995.9 0
996.0 0
996.1 0
996.3 0
996.4 44
996.5 50
996.6 90
996.8 49
996.9 25
997.0 13
997.1 6
997.3 3
997.4 1
997.5 0
997.6 0
997.8 0
997.9 0
998.0 0
998.1 0
998.3 0
998.4 0
998.5 0
998.6 0
998.8 2
998.9 185
999.0 100
999.1 51
999.3 31
999.4 402
999.5 222
999.6 114
999.8 58
999.9 29
1000.0 15
